325.5623172,0.04921181654,236.6727291,0.3388894874,0.8646779503,325.5623172,0.04921181654,236.6727291,0.3388894874,0.8646779503,0,0,0.6542241021,-1.461095063,0.01065837998,0.5431115747,-1.185510218,-0.4983634987,-1.47623831,-0.5526991168,-0.8887650844,0.6248000148,-0.2482572719,-0.5374719891,-0.003887472488,0.6542241021,-1.461095063,0.01065837998,0.5431115747,-1.185510218,-0.4983634987,-1.47623831,-0.5526991168,-0.8887650844,0.6248000148,-0.2482572719,-0.5374719891,-0.003887472488
246.0342647,0.04405917506,143.4858416,0.1613833854,0.8069528942,-79.52805252,-0.005152641477,-93.18688744,-0.177506102,-0.05772505613,9.515360087,0,2.355184145,-2.105613766,-0.8109655247,-0.4775197631,-1.18017894,-0.3402475443,-0.628157745,-0.4425611992,-0.08150425716,0.6110362364,0.573911553,-0.6782807458,-0.1251508391,1.700960043,-0.644518703,-0.8216239047,-1.020631338,0.005331278581,0.1581159544,0.848080565,0.1101379176,0.8072608272,-0.01376377836,0.8221688249,-0.1408087567,-0.1212633666
319.7310901,0.0353737462,195.43985,0.1513881516,0.8072676471,73.69682534,-0.008685428862,51.95400839,-0.00999523386,0.0003147529273,9.351788431,1.792735256,2.338367217,-2.066848063,-0.7339348237,0.7105622706,-1.265315801,-0.7542671488,-0.7072889558,-0.2964473105,-0.1306506417,0.209704848,0.5256758274,-0.6331400606,-0.1191782946,-0.01681692819,0.03876570325,0.07703070101,1.188082034,-0.08513686124,-0.4140196045,-0.07913121077,0.1461138887,-0.04914638451,-0.4013313884,-0.04823572557,0.04514068516,0.005972544481
278.1542743,0.03536849932,166.8545247,0.1521869744,0.7976606953,-41.57681575,-5.246883898e-06,-28.58532535,0.0007988228577,-0.009606951805,5.826320089,0.9698081566,1.89404529,-1.244323238,0.2371511181,2.592329241,-0.3625866504,-1.460932829,-0.4654155328,0.4858984514,-0.4570624948,-0.1350962227,-0.2257520999,0.09249044562,-0.3951735821,-0.4443219272,0.8225248245,0.9710859419,1.88176697,0.9027291506,-0.7066656801,0.241873423,0.7823457619,-0.3264118531,-0.3448010706,-0.7514279274,0.7256305063,-0.2759952876
249.8028074,0.02829334552,192.9873803,0.2509826712,0.7773565654,-28.35146687,-0.00707515379,26.13285568,0.09879569677,-0.02030412985,10.76538005,1.392858569,-1.618571454,-0.04374765575,-0.3809031172,2.4850472,0.2565742338,-1.758872895,0.006250301798,0.5990537193,-0.6364687281,0.0228731206,0.3220011443,-0.01235084893,-0.3131290379,-3.512616744,1.200575582,-0.6180542354,-0.1072820408,0.6191608841,-0.2979400663,0.4716658346,0.1131552679,-0.1794062333,0.1579693433,0.5477532442,-0.1048412945,0.08204454421
310.9001551,0.01259709359,241.4355053,0.2118728797,0.7047641988,61.09734763,-0.01569625194,48.44812501,-0.03910979151,-0.07259236659,12.82369529,1.618663814,-0.3113147315,0.1706572685,0.603009441,1.748631689,0.5639547996,0.6069390178,0.2890771985,0.2529486026,-0.7156073934,0.4795234418,0.281707279,0.02843714804,0.05933804716,1.307256722,0.2144049242,0.9839125582,-0.7364155109,0.3073805659,2.365811913,0.2828268967,-0.3461051167,-0.07913866533,0.4566503212,-0.04029386523,0.04078799697,0.3724670851
338.635857,0.01149406399,243.4318378,0.2594659211,0.7280773273,27.7357019,-0.001103029595,1.99633244,0.04759304145,0.02331312843,9.510923045,1.248973909,0.5303858808,-0.7393097492,1.232678902,2.823110542,0.5825709809,-0.2252175009,0.1560063089,0.3534623117,-0.4556563186,0.4145939919,0.158140259,-0.1794257143,0.03598074107,0.8417006123,-0.9099670177,0.6296694607,1.074478853,0.01861618126,-0.8321565187,-0.1330708896,0.1005137091,0.2599510748,-0.06492944986,-0.1235670201,-0.2078628624,-0.0233573061
391.301703,0.008868475157,274.1429455,0.130930871,0.6703675117,52.66584598,-0.002625588835,30.71110776,-0.1285350502,-0.05770981554,6.963153911,1.257958716,-1.226835393,-1.19572295,2.881143812,2.929840247,0.2179726635,-1.145082524,1.165820905,1.016500459,-0.6564830777,0.6223808576,0.4626692827,0.05533788335,0.373602829,-1.757221274,-0.4564132003,1.64846491,0.1067297057,-0.3645983174,-0.9198650228,1.009814596,0.6630381478,-0.2008267591,0.2077868657,0.3045290238,0.2347635977,0.3376220879
334.6973093,0.01307759279,243.5030395,0.2731195828,0.7358576365,-56.60439366,0.004209117629,-30.63990607,0.1421887119,0.06549012481,12.38297267,1.188630167,-2.492440309,-0.2842134299,3.50245181,2.622686165,-0.1408319255,-0.8657255176,1.337992643,0.8722178372,-0.7323973577,0.8533636892,0.2093876227,0.1195747808,0.4684949903,-1.265604915,0.9115095197,0.621307998,-0.3071540829,-0.358804589,0.2793570061,0.1721717385,-0.1442826222,-0.07591427998,0.2309828316,-0.25328166,0.06423689744,0.09489216136
299.5424668,0.01298344226,231.487707,0.2466811112,0.7117908267,-35.15484245,-9.415052691e-05,-12.01533252,-0.02643847167,-0.02406680988,10.54713168,1.725464244,-0.3878583735,0.1632938572,2.806479512,2.412683806,-0.2282118187,-0.8289824967,1.363034273,0.5159558082,-0.6275609763,1.060544061,-0.2896292219,0.3652111866,0.08061381002,2.104581935,0.4475072871,-0.6959722981,-0.2100023583,-0.08737989316,0.03674302087,0.02504162927,-0.356262029,0.1048363814,0.2071803722,-0.4990168446,0.2456364058,-0.3878811803
329.0212016,0.0217279727,259.1563726,0.4376709679,0.823382972,29.47873481,0.008744530446,27.66866565,0.1909898568,0.1115921453,7.337198598,1.980922465,-0.6783190818,-0.09670566808,1.340473777,1.080979849,-0.1640231486,-0.07369002828,0.673350233,0.4759169146,0.01487643951,0.7047343023,0.1460183263,0.007358607761,0.06545524318,-0.2904607083,-0.2599995253,-1.466005735,-1.331703957,0.06418867011,0.7552924684,-0.6896840397,-0.04003889364,0.6424374158,-0.355809759,0.4356475482,-0.3578525789,-0.01515856684
