318.5246409,0.0718687407,206.8101663,0.6567378765,0.9456424375,318.5246409,0.0718687407,206.8101663,0.6567378765,0.9456424375,0,0,-4.904165462,-0.5393068332,1.509557154,0.5267378798,-0.3645313527,-0.05814406447,0.02258489567,0.1444453609,0.09612110372,0.3347590991,-0.3159134263,0.1521595086,0.1061802155,-4.904165462,-0.5393068332,1.509557154,0.5267378798,-0.3645313527,-0.05814406447,0.02258489567,0.1444453609,0.09612110372,0.3347590991,-0.3159134263,0.1521595086,0.1061802155
384.1544189,0.06098005369,208.1935078,0.5882913447,0.9299741524,65.62977802,-0.01088868701,1.383341555,-0.06844653172,-0.0156682851,2.985562187,0,-4.551368658,-0.4224418758,2.091907953,0.7008080169,-1.171176483,-0.6389498781,0.07654826164,-0.1064718554,-0.4622009591,0.3458201188,-0.0566267532,0.2467523726,-0.4301195747,0.3527968043,0.1168649573,0.5823507989,0.1740701371,-0.8066451307,-0.5808058136,0.05396336597,-0.2509172163,-0.5583220628,0.01106101967,0.2592866731,0.09459286404,-0.5362997903
357.3124197,0.04936045125,194.7357311,0.4189496462,0.8899268437,-26.84199923,-0.01161960244,-13.45777673,-0.1693416985,-0.0400473087,5.296193124,1.248581228,-3.060130845,-0.457442201,3.185607512,0.8731207646,-1.521209105,-1.227425796,0.2640930574,0.3917831452,-0.7739640973,0.2092948659,-0.2782625539,0.126706374,-0.3116247513,1.491237813,-0.03500032515,1.093699559,0.1723127477,-0.3500326212,-0.5884759177,0.1875447958,0.4982550006,-0.3117631383,-0.1365252529,-0.2216358007,-0.1200459986,0.1184948234
350.2092835,0.03838746693,179.3366473,0.3379677801,0.8631754592,-7.103136182,-0.01097298432,-15.39908377,-0.08098186612,-0.02675138447,4.19561231,1.213897974,-2.873282669,-1.063419478,4.421819899,0.4852641221,-1.397994361,-1.032550462,0.126395291,0.6643405313,-1.07091725,0.1301595959,-0.5065675245,0.1432102359,-0.3977855047,0.1868481767,-0.6059772772,1.236212387,-0.3878566425,0.1232147438,0.1948753338,-0.1376977664,0.2725573861,-0.296953153,-0.07913526998,-0.2283049706,0.01650386187,-0.08616075331
371.6742303,0.02843374552,190.9171505,0.3152161459,0.8504060532,21.46494683,-0.009953721411,11.5805032,-0.02275163419,-0.01276940597,5.569370688,1.177298582,-2.850951132,-0.8501212972,5.429556537,0.3978641915,-1.275761966,-0.8072152159,0.01190610191,0.8797564756,-1.215701278,0.38686759,-0.6206696381,0.2342792252,-0.5010668011,0.02233153718,0.213298181,1.007736638,-0.08739993064,0.1222323953,0.2253352461,-0.1144891891,0.2154159442,-0.1447840274,0.2567079941,-0.1141021136,0.09106898929,-0.1032812964
305.165509,0.0316917844,178.1604031,0.2618693911,0.8327584176,-66.50872132,0.003258038887,-12.75674742,-0.05334675481,-0.01764763564,3.992574028,1.362110997,-2.766984289,-1.02385224,5.173097642,0.506899852,-1.470256841,-0.6345372597,-0.02428661692,0.8743063172,-1.157013738,0.3798644008,-0.4721615334,0.1789106581,-0.7591524358,0.08396684246,-0.1737309433,-0.2564588948,0.1090356605,-0.1944948751,0.1726779562,-0.03619271883,-0.005450158343,0.05868754009,-0.00700318916,0.1485081047,-0.05536856705,-0.2580856347
271.2803016,0.03453531887,174.1328524,0.309153657,0.839911504,-33.88520736,0.002843534469,-4.027550652,0.04728426595,0.007153086444,3.492872444,1.360310727,-2.204773657,-2.030029323,4.27399938,1.443828169,-1.225675273,-1.115131705,-0.2292203026,0.9914116674,-0.9516065384,0.2198439361,-0.4647684299,0.2371732644,-0.7140410186,0.5622106318,-1.006177082,-0.8990982627,0.9369283166,0.244581568,-0.4805944458,-0.2049336857,0.1171053501,0.2054071993,-0.1600204647,0.007393103543,0.05826260628,0.04511141724
325.5556459,0.02613141689,199.4968908,0.2114624428,0.7947305604,54.27534431,-0.008403901986,25.36403832,-0.09769121429,-0.04518094367,2.590163268,1.286085001,-0.5341700952,-1.325787733,2.791404429,0.9176845223,-0.2337325068,-0.08006915759,-0.4191443069,0.7189709063,-0.3971671827,-0.1313757762,0.298085772,-0.07627015613,-0.1133675668,1.670603562,0.7042415901,-1.48259495,-0.5261436463,0.9919427659,1.035062548,-0.1899240043,-0.2724407611,0.5544393557,-0.3512197124,0.7628542019,-0.3134434206,0.6006734517
321.2104036,0.01712108607,260.1349514,0.2919202515,0.7525268597,-4.345242351,-0.009010330815,60.6380606,0.08045780873,-0.04220370064,2.051693841,1.497132184,-0.5840796422,-0.3270345007,1.354161753,0.9168396287,0.1012850298,0.1275644398,0.02801538249,0.5525534698,-0.2612675684,0.2158979403,0.2822809177,-0.2063094908,-0.09943456259,-0.04990954697,0.9987532321,-1.437242676,-0.0008448936162,0.3350175366,0.2076335974,0.4471596894,-0.1664174365,0.1358996143,0.3472737165,-0.01580485431,-0.1300393347,0.01393300423
353.0651718,0.01254646133,287.5842536,0.2396239811,0.732710547,31.8547682,-0.004574624744,27.44930226,-0.05229627038,-0.01981631268,1.182736739,1.639223362,0.1935709761,0.8762838248,0.2715877103,0.3686916266,-0.5089454729,0.4749401469,-0.4119470408,0.02691834242,-0.3265021953,0.4325248699,-0.5116266675,0.1033516508,-0.214547197,0.7776506183,1.203318325,-1.082574043,-0.5481480021,-0.6102305028,0.3473757071,-0.4399624232,-0.5256351274,-0.06523462688,0.2166269297,-0.7939075852,0.3096611416,-0.1151126344
324.5304834,0.01820866622,264.5137996,0.211738078,0.7498951639,-28.53468843,0.005662204893,-23.07045402,-0.02788590311,0.01718461685,1.123431105,1.24513361,-0.09604834471,0.5647832672,-0.22390484,-0.20723465,-0.3336584175,0.377382989,-0.4196996556,-0.1387668494,-0.4678063563,0.3699926114,-0.3475080463,0.1076552282,-0.1178359215,-0.2896193208,-0.3115005576,-0.4954925502,-0.5759262766,0.1752870554,-0.09755715797,-0.007752614851,-0.1656851918,-0.1413041611,-0.06253225854,0.1641186213,0.00430357742,0.09671127545
