203.318486,0.03849975327,169.0207096,0.3315109911,0.826580367,203.318486,0.03849975327,169.0207096,0.3315109911,0.826580367,0,0,-3.295370821,-1.413512741,1.351285771,0.9047360921,0.1121585148,-0.3485887782,1.268072715,0.7643626108,0.7113950529,0.2491694243,0.6320756589,-0.1884220716,-0.6090807776,-3.295370821,-1.413512741,1.351285771,0.9047360921,0.1121585148,-0.3485887782,1.268072715,0.7643626108,0.7113950529,0.2491694243,0.6320756589,-0.1884220716,-0.6090807776
326.7534089,0.03083549861,210.1654381,0.2360677191,0.8116445259,123.4349229,-0.007664254667,41.14472852,-0.09544327197,-0.01493584104,8.53775444,0,-0.6606551598,-1.653427995,3.201190338,1.634783496,0.6198696982,0.1212802495,-0.4652751025,1.341988371,-0.2427727492,-0.3876567024,-0.2515303416,0.2140012614,-0.5774989899,2.634715662,-0.2399152539,1.849904567,0.730047404,0.5077111833,0.4698690276,-1.733347817,0.5776257605,-0.9541678021,-0.6368261267,-0.8836060005,0.4024233329,0.03158178777
263.9858765,0.02982674256,157.5130436,0.2490157397,0.8105507252,-62.76753245,-0.001008756046,-52.65239449,0.01294802061,-0.001093800685,8.135435409,1.162564812,0.539052101,-2.859020622,3.933979197,1.071652026,0.8990177541,-0.3296707905,-0.6198896696,1.06186089,-0.2692464568,-0.5893113614,-0.3936972387,0.110311681,-0.7823410835,1.199707261,-1.205592627,0.7327888586,-0.5631314706,0.279148056,-0.45095104,-0.1546145671,-0.2801274813,-0.02647370763,-0.2016546589,-0.1421668971,-0.1036895803,-0.2048420937
294.5442842,0.03109841328,154.9983223,0.1673898526,0.8136396768,30.55840769,0.001271670722,-2.514721249,-0.08162588717,0.003088951533,7.174715285,1.165546715,-0.4016007044,-3.863444367,4.449835869,1.335276389,0.6700432073,-0.7656209364,-0.3076626815,1.096290335,-0.4159050808,-0.8614610913,-0.08260478728,0.1247070218,-0.8528875493,-0.9406528054,-1.004423745,0.5158566726,0.2636243633,-0.2289745469,-0.4359501459,0.312226988,0.03442944537,-0.146658624,-0.27214973,0.3110924514,0.01439534074,-0.07054646576
384.2830473,0.03651021276,177.1984744,0.1567224512,0.8272264783,89.73876311,0.005411799478,22.2001521,-0.01066740134,0.01358680149,9.770957911,1.300685732,-2.014382061,-3.05964376,5.282340388,1.135811664,0.6776026981,-0.9544897851,0.201116154,0.6914646912,-0.1143608427,-0.468839845,0.3595223422,0.07182403502,-0.7268681926,-1.612781356,0.8038006075,0.8325045187,-0.1994647246,0.007559490798,-0.1888688487,0.5087788356,-0.4048256442,0.3015442381,0.3926212463,0.4421271295,-0.05288298675,0.1260193567
341.1572672,0.03443356936,159.3646167,0.2353193204,0.8325595889,-43.12578004,-0.002076643406,-17.83385773,0.07859686919,0.005333110679,3.943543784,1.295492039,-1.91480039,-2.910577337,5.192901102,1.096503168,0.2417765267,-0.6816867107,0.259929043,0.9842150452,-0.1035313336,-0.4367761436,0.1088965252,0.03704976002,-0.5314653577,0.0995816704,0.1490664227,-0.08943928572,-0.0393084962,-0.4358261714,0.2728030744,0.05881288893,0.292750354,0.01082950907,0.03206370136,-0.250625817,-0.034774275,0.1954028348
370.6696024,0.03863198132,206.0880031,0.297051926,0.852803302,29.51233516,0.004198411969,46.72338641,0.06173260559,0.02024371305,2.301656711,1.393187958,-1.904420157,-2.29998371,3.283475822,1.098438453,-0.8887019428,-0.2919107088,0.07517304129,1.131456793,-0.1608244219,0.1404946411,0.1981543989,0.3498276206,-0.3890715281,0.01038023381,0.6105936267,-1.909425281,0.001935285348,-1.130478469,0.3897760019,-0.1847560017,0.1472417478,-0.05729308826,0.5772707848,0.08925787377,0.3127778606,0.1423938296
337.4834705,0.04562544271,177.7426175,0.3145035718,0.871042556,-33.18613188,0.006993461382,-28.34538565,0.01745164579,0.01823925405,0.9996038143,1.447410303,-1.121036728,-2.46175283,1.94553599,0.3779568798,-0.7310223382,-0.6041651241,-1.077252301,0.9042819888,1.00975513,0.4739117534,-0.1771254949,0.2977456018,-0.169954218,0.7833834287,-0.1617691197,-1.337939832,-0.7204815737,0.1576796046,-0.3122544153,-1.152425342,-0.2271748042,1.170579552,0.3334171123,-0.3752798938,-0.05208201882,0.2191173102
394.3186015,0.04222822986,239.2895584,0.3069482213,0.8624515522,56.83513102,-0.003397212842,61.54694097,-0.007555350482,-0.008591003835,0.5713464763,1.408724534,-1.062599915,-1.33833645,0.8164638812,-0.1759572884,0.1919393492,-0.1506340098,-0.621183021,0.1209887921,0.7449274289,0.3766244368,0.1522755268,0.05438467861,-0.2477398944,0.05843681295,1.12341638,-1.129072109,-0.5539141682,0.9229616874,0.4535311143,0.4560692801,-0.7832931966,-0.2648277007,-0.09728731662,0.3294010217,-0.2433609232,-0.0777856764
388.2111573,0.0314285268,272.9479729,0.3222107669,0.8419754801,-6.10744428,-0.01079970306,33.65841441,0.01526254555,-0.02047607206,0.2360256138,1.35081181,-1.102789951,-0.5102990393,-0.02220642633,-0.542147192,0.0667335236,-0.2842242909,-0.362212065,0.03275006286,0.3343496771,0.4264366312,0.1158289125,0.06121923519,0.03258631376,-0.04019003625,0.8280374111,-0.8386703076,-0.3661899036,-0.1252058256,-0.1335902811,0.258970956,-0.08823872928,-0.4105777519,0.04981219433,-0.03644661426,0.006834556574,0.2803262081
361.7188178,0.03507346701,260.4729558,0.3579832539,0.8507182702,-26.49233943,0.003644940204,-12.4750171,0.03577248702,0.008742790039,0.1219959063,1.307995169,-1.01670414,-0.1888294115,-0.3396499761,-0.3238749487,0.1660781048,-0.05175194151,-0.05226369151,0.476054774,0.2875832332,0.3893960906,-0.006718315688,-0.1146559896,0.1176786983,0.08608581131,0.3214696278,-0.3174435498,0.2182722433,0.09934458117,0.2324723493,0.3099483735,0.4433047111,-0.04676644392,-0.03704054059,-0.1225472282,-0.1758752248,0.0850923845
433.8460947,0.03579328967,304.7385547,0.366071358,0.8593244455,72.12727685,0.0007198226657,44.26559899,0.008088104075,0.008606175272,0.0889176913,1.441473716,-0.9180896585,-0.1336306848,-0.02312133563,-0.5181221405,-0.08409462115,-0.4447708879,-0.331716438,0.06596453148,0.1773646088,0.205924239,-0.2143050887,-0.1109182365,0.1820547318,0.0986144814,0.05519872675,0.3165286405,-0.1942471918,-0.2501727259,-0.3930189464,-0.2794527465,-0.4100902425,-0.1102186244,-0.1834718515,-0.207586773,0.003737753105,0.06437603358
402.4259721,0.03485859674,285.8613131,0.3561575979,0.8505538126,-31.42012259,-0.0009346929288,-18.87724162,-0.009913760118,-0.008770632854,0.07608011603,1.199570523,-0.8712296909,0.1036923447,-0.3722642711,-0.5197567829,0.1287815628,-0.3389978377,-0.3666348787,0.1774649528,0.1209753165,0.2759661234,-0.03677359774,-0.1454534431,0.04765366571,0.04685996764,0.2373230294,-0.3491429355,-0.001634642348,0.212876184,0.1057730502,-0.03491844074,0.1115004213,-0.05638929233,0.07004188432,0.177531491,-0.03453520658,-0.1344010661
303.7383807,0.02415561508,234.2672642,0.3131238202,0.8074397698,-98.68759135,-0.01070298166,-51.59404889,-0.04303377761,-0.04311404277,0.2240899065,1.375487516,-1.36275089,-0.1270224719,-0.3634032032,-0.348708779,-0.1001685649,-0.6375279921,-0.1823094567,0.1475767734,-0.04998002554,0.0527199749,0.5700091597,-0.1876039786,0.03679407587,-0.4915211989,-0.2307148166,0.008861067912,0.1710480038,-0.2289501277,-0.2985301544,0.184325422,-0.02988817942,-0.170955342,-0.2232461485,0.6067827574,-0.0421505355,-0.01085958984
269.1311905,0.02261547175,214.0822278,0.3080154687,0.7949827382,-34.60719021,-0.001540143332,-20.18503646,-0.005108351565,-0.01245703164,0.084250345,1.232695275,-0.9604347426,-0.05343282858,-0.4134252541,-0.1856330415,0.197034607,-0.2579089241,0.003531980636,0.3208303195,0.07799170703,0.1029605138,-0.08439702898,-0.2009584934,0.1172154936,0.4023161471,0.07358964332,-0.05002205093,0.1630757375,0.2972031719,0.379619068,0.1858414374,0.1732535461,0.1279717326,0.0502405389,-0.6544061887,-0.01335451477,0.0804214177
