230.0872822,0.01533221961,198.6618371,0.1491860525,0.6530483174,230.0872822,0.01533221961,198.6618371,0.1491860525,0.6530483174,0,0,0.2395914,1.165795632,0.804492439,0.5912866134,0.5745504261,-0.3805979169,-0.04807354168,0.2234630889,-0.07238878337,0.1681033316,-0.05106076635,-0.06297153123,-0.01577172096,0.2395914,1.165795632,0.804492439,0.5912866134,0.5745504261,-0.3805979169,-0.04807354168,0.2234630889,-0.07238878337,0.1681033316,-0.05106076635,-0.06297153123,-0.01577172096
251.9390759,0.03158547272,169.7446463,0.2634046308,0.8107163121,21.85179363,0.01625325311,-28.91719083,0.1142185783,0.1576679947,8.610955576,0,-2.984807556,-2.203732384,0.7172237317,2.394588224,1.533554922,0.01113154299,-0.5854965666,0.6884846705,0.4363041796,-0.620694411,0.4629440051,-0.3712911879,0.1056944163,-3.224398956,-3.369528016,-0.08726870736,1.803301611,0.9590044963,0.3917294599,-0.5374230249,0.4650215817,0.508692963,-0.7887977426,0.5140047715,-0.3083196567,0.1214661373
271.6693723,0.03347445414,166.6684765,0.2298191612,0.8175944699,19.73029643,0.001888981421,-3.076169812,-0.03358546952,0.006878157846,7.789212514,1.615617426,-0.9276606765,-2.168329319,2.368737165,0.5509561813,1.253781576,0.9290966415,-0.4187608287,0.6478482601,-0.4824435934,-0.3205479645,0.8268332088,-0.4840380215,-0.2176066723,2.05714688,0.03540306496,1.651513433,-1.843632043,-0.279773346,0.9179650985,0.1667357379,-0.04063641043,-0.9187477731,0.3001464465,0.3638892036,-0.1127468336,-0.3233010887
306.7018704,0.02918605453,175.7171351,0.1622895939,0.8019593944,35.03249812,-0.004288399607,9.048658591,-0.0675295673,-0.01563507557,8.075968709,1.090912437,0.5276929513,-2.970245983,2.923480103,1.21026107,1.601036823,-0.6634829913,-0.8927863696,0.9332315307,-0.4143371765,-0.240037086,-0.03002421439,-0.5485966662,-0.2628163447,1.455353628,-0.8019166645,0.5547429377,0.6593048886,0.3472552467,-1.592579633,-0.4740255409,0.2853832706,0.06810641695,0.08051087847,-0.8568574232,-0.06455864472,-0.04520967241
294.124386,0.02923163645,169.5638463,0.2322611274,0.8045946819,-12.57748439,4.558191365e-05,-6.153288707,0.06997153345,0.002635287538,7.365464444,1.147649047,-0.2313635073,-3.077695067,4.126101614,1.14695206,1.644123337,-1.367848862,0.03582404042,1.602953668,-0.6241397723,-0.08227876913,0.2446946056,0.05641047509,-0.4503208906,-0.7590564586,-0.1074490838,1.202621511,-0.06330900974,0.04308651371,-0.7043658709,0.92861041,0.6697221376,-0.2098025958,0.1577583169,0.27471882,0.6050071413,-0.1875045458
321.9133254,0.02957325635,190.4013462,0.205521044,0.7992706391,27.7889394,0.0003416199012,20.83749989,-0.02674008338,-0.005324042784,7.990006888,1.206657394,-1.786733321,-2.895038411,5.630303898,0.9080838502,1.48724929,-1.139976641,0.3968045072,1.414930369,-0.1762785642,0.03087155249,0.4750249977,-0.1609546818,-0.5471554453,-1.555369813,0.1826566565,1.504202285,-0.23886821,-0.156874047,0.2278722209,0.3609804668,-0.1880232996,0.4478612082,0.1131503216,0.2303303921,-0.2173651569,-0.09683455476
323.9713649,0.03149563023,180.3546491,0.3220426742,0.8347595079,2.05803946,0.001922373875,-10.04669709,0.1165216302,0.03548886874,5.554656005,1.496869703,-3.692143536,-2.26946057,4.432273989,2.800360659,0.1296809395,-0.3974408566,0.001598290066,1.300824366,-0.05070845916,-0.1569156842,0.5078050368,-0.3237303358,-0.04653359443,-1.905410216,0.6255778408,-1.198029909,1.892276809,-1.35756835,0.7425357847,-0.3952062172,-0.1141060031,0.125570105,-0.1877872367,0.03278003916,-0.1627756539,0.5006218509
303.096483,0.02687235537,144.8529138,0.1318630548,0.7935916626,-20.87488185,-0.004623274851,-35.5017353,-0.1901796194,-0.04116784521,3.225998608,1.616087592,-3.502878999,-3.149905974,5.656584974,1.467436285,0.3232049521,-0.3328408227,0.3371306251,1.276738603,-0.4078579192,0.2009175071,0.2120106799,0.1229329436,-0.4345618062,0.1892645376,-0.880445404,1.224310985,-1.332924374,0.1935240126,0.06460003394,0.335532335,-0.02408576289,-0.3571494601,0.3578331913,-0.2957943569,0.4466632793,-0.3880282118
323.1371461,0.031550686,166.2077007,0.2565818429,0.8256514376,20.04066308,0.00467833063,21.35478689,0.1247187881,0.03205977496,4.581403957,1.20713008,-3.750355243,-2.010867019,5.631097467,0.5293483173,0.2064063732,-0.5752559334,0.4957801618,0.8599833071,-0.6361111717,0.2523842682,0.1073117143,0.1059155232,-0.4308394693,-0.2474762445,1.139038955,-0.02548750716,-0.9380879673,-0.1167985789,-0.2424151107,0.1586495367,-0.4167552957,-0.2282532524,0.05146676115,-0.1046989657,-0.01701742037,0.003722336877
317.8423343,0.03042974045,185.3175526,0.2648681047,0.8325312856,-5.294811827,-0.001120945553,19.10985187,0.008286261802,0.006879847966,2.24393326,1.325266316,-3.762628457,-0.155231931,3.451730607,0.3805953109,-0.444069985,-0.5085996839,0.5402732921,0.2624690549,-0.315825667,-0.02556629467,0.4488828473,-0.07351853408,-0.1093187255,-0.01227321404,1.855635088,-2.179366859,-0.1487530064,-0.6504763582,0.06665624946,0.04449313027,-0.5975142523,0.3202855047,-0.2779505629,0.341571133,-0.1794340573,0.3215207438
375.5632118,0.04280415371,226.6199716,0.4315996928,0.8855452266,57.72087749,0.01237441326,41.30241901,0.1667315881,0.05301394102,1.359740942,1.365846352,-3.151010581,-1.142996149,2.193842015,0.3966388145,-0.02738591902,-0.9564733974,0.07022227822,0.6666903198,0.5041102162,-0.3564324182,0.2824726095,0.1896362958,0.2523773448,0.6116178765,-0.987764218,-1.257888592,0.01604350363,0.416684066,-0.4478737135,-0.4700510138,0.404221265,0.8199358831,-0.3308661235,-0.1664102378,0.2631548299,0.3616960704
