329.4653199,0.01585222505,279.1934725,0.2523500443,0.7160601026,329.4653199,0.01585222505,279.1934725,0.2523500443,0.7160601026,0,0,0.1914752221,0.7927794373,0.2501286046,-0.04877483363,0.1034862637,-0.2245407161,-0.4455371607,-0.0628927062,-0.1268271124,0.1261717174,0.1581261235,0.3021290582,0.3654154696,0.1914752221,0.7927794373,0.2501286046,-0.04877483363,0.1034862637,-0.2245407161,-0.4455371607,-0.0628927062,-0.1268271124,0.1261717174,0.1581261235,0.3021290582,0.3654154696
298.3566389,0.02420332804,215.9275909,0.3768683296,0.8400113422,-31.10868101,0.008351102992,-63.26588161,0.1245182853,0.1239512395,0.7535387064,0,0.4169598328,0.8334245001,0.3442873056,0.04898985788,0.1587226413,-0.155718793,-0.3914060924,-0.2867256634,-0.2468833978,-0.004710826394,0.07117148874,0.04993680607,0.02258770481,0.2254846107,0.0406450628,0.09415870097,0.09776469151,0.05523637763,0.0688219231,0.05413106836,-0.2238329572,-0.1200562855,-0.1308825438,-0.08695463473,-0.2521922521,-0.3428277648
262.1316892,0.03274563528,161.2417346,0.2761873172,0.8124872103,-36.22494972,0.008542307237,-54.68585636,-0.1006810124,-0.02752413183,14.07536229,1.854443214,0.459301111,-1.115471265,0.1338199754,-0.2647459402,0.1207579134,-0.2378284964,-0.9651212386,-1.084816407,-1.137250922,-0.04734515912,0.7950701398,-0.6925493499,-0.3992311096,0.04234127819,-1.948895765,-0.2104673302,-0.3137357981,-0.03796472788,-0.08210970336,-0.5737151462,-0.7980907439,-0.8903675246,-0.04263433273,0.723898651,-0.742486156,-0.4218188144
334.4992298,0.03419476767,203.6019305,0.2092015439,0.8089505018,72.36754061,0.001449132392,42.36019594,-0.06698577336,-0.003536708526,8.042186285,1.617261157,0.6492852033,-1.085730709,-1.201243103,-1.202571451,-0.2637622166,-1.110411441,-0.9146464625,-1.098454379,-0.748759766,0.476984397,0.8209039341,-0.1022650582,-0.1167517835,0.1899840923,0.02974055587,-1.335063079,-0.9378255104,-0.38452013,-0.8725829447,0.05047477609,-0.01363797167,0.3884911564,0.5243295561,0.02583379431,0.5902842916,0.2824793261
308.6340409,0.04120028756,177.4939392,0.2444138159,0.8207179088,-25.86518894,0.007005519892,-26.10799134,0.03521227202,0.01176740705,8.453272584,0.9776521462,0.4948339681,-2.071025624,-1.280636762,-1.505445394,-1.284871284,-0.5166626742,-0.2403512175,-0.7255608023,-0.5845277055,0.1546810874,0.7657988205,0.1863782773,-0.2565841493,-0.1544512352,-0.9852949151,-0.07939365843,-0.3028739432,-1.021109067,0.593748767,0.674295245,0.3728935767,0.1642320606,-0.3223033096,-0.05510511354,0.2886433356,-0.1398323658
345.9146138,0.03135470406,209.0634262,0.133887441,0.7858981522,37.28057291,-0.009845583504,31.56948707,-0.1105263749,-0.03481975666,8.699494936,1.265689143,3.27491501,-2.475181142,1.289515491,-2.499672243,-1.34724509,-0.5596462038,0.02285451443,-0.6553433306,-0.2706352952,-1.043468286,0.2523377493,-0.04140433006,-0.5521756472,2.780081042,-0.4041555178,2.570152252,-0.9942268488,-0.06237380579,-0.0429835296,0.2632057319,0.0702174717,0.3138924103,-1.198149374,-0.5134610712,-0.2277826074,-0.2955914979
290.5276899,0.0288088627,183.1086841,0.1283285032,0.7618151687,-55.38692384,-0.00254584136,-25.95474214,-0.005558937787,-0.0240829835,6.413657731,1.260564184,3.17728401,-1.171260797,1.433782561,-1.861148978,-0.5490995078,-0.3159724979,0.3097168536,-0.5476970023,-0.4027908773,-0.4425594333,0.06201717593,0.008168279254,-0.9316719968,-0.09763099956,1.303920345,0.1442670699,0.6385232646,0.7981455819,0.2436737059,0.2868623392,0.1076463282,-0.1321555821,0.600908853,-0.1903205734,0.04957260931,-0.3794963496
295.7637352,0.03380677814,204.5654597,0.2965060398,0.8158214763,5.236045244,0.004997915441,21.45677564,0.1681775366,0.05400630758,4.576516697,1.312979793,2.081910614,-1.315279527,0.2833819131,-1.200646969,-0.6727963206,-0.2670243916,-0.7812281324,-0.1657056667,-0.01923195732,-0.3194696378,0.1194550348,-0.04403573783,-0.5922867268,-1.095373396,-0.1440187302,-1.150400647,0.6605020095,-0.1236968128,0.04894810626,-1.090944986,0.3819913357,0.38355892,0.1230897955,0.05743785884,-0.05220401709,0.33938527
341.1625667,0.07894964868,212.0693339,0.7065966649,0.9553043363,45.39883151,0.04514287054,7.503874164,0.4100906251,0.1394828601,1.003210983,1.893515913,-3.475948575,-0.969416018,0.9531097094,-1.073347333,-0.07211611813,-0.4720436329,-0.1135198288,0.2580962842,-0.3603135918,-0.2611208188,0.03612273989,-0.3116076888,-0.09539086225,-5.557859189,0.3458635089,0.6697277964,0.1272996359,0.6006802025,-0.2050192413,0.6677083035,0.4238019509,-0.3410816345,0.05834881896,-0.08333229489,-0.2675719509,0.4968958646
340.5099359,0.07871809875,208.045475,0.6923447821,0.9551567541,-0.6526308346,-0.0002315499249,-4.023858934,-0.01425188283,-0.0001475822012,0.258792095,1.592409865,-5.074390397,-0.9773113708,0.5165601207,-0.4503738433,0.3985460901,-0.5240931427,-0.1180824106,0.1967723694,-0.04834629888,0.2314397182,-0.09965748425,-0.7303456071,0.02351211488,-1.598441822,-0.00789535279,-0.4365495888,0.6229734894,0.4706622082,-0.05204950986,-0.004562581789,-0.0613239148,0.3119672929,0.492560537,-0.1357802241,-0.4187379183,0.1189029771
336.0502512,0.06732468743,207.5982615,0.6683874304,0.9458794154,-4.459684648,-0.01139341132,-0.4472134448,-0.0239573517,-0.009277338737,0.6719204898,0.9476392313,-3.846914226,-1.048183628,0.1669288532,-0.4641723007,0.5091739414,-0.5943425414,-0.759673055,-0.4771410508,0.1668142132,0.9111564404,0.198826556,-0.53933553,-0.1491634088,1.227476171,-0.07087225732,-0.3496312675,-0.01379845747,0.1106278513,-0.07024939863,-0.6415906444,-0.6739134202,0.2151605121,0.6797167222,0.2984840402,0.1910100771,-0.1726755237
