274.6667838,0.02028652053,238.3050469,0.2294187918,0.7372721132,274.6667838,0.02028652053,238.3050469,0.2294187918,0.7372721132,0,0,-0.9986122483,1.161273925,0.6960905257,-0.0192233475,0.03429547417,-0.5010889271,-0.6520393978,0.4262686365,0.08408545017,0.4074558818,0.1468312259,-0.3014739009,0.1689262476,-0.9986122483,1.161273925,0.6960905257,-0.0192233475,0.03429547417,-0.5010889271,-0.6520393978,0.4262686365,0.08408545017,0.4074558818,0.1468312259,-0.3014739009,0.1689262476
400.4849554,0.03551752074,287.4008505,0.3835888671,0.8536316813,125.8181716,0.01523100021,49.09580357,0.1541700753,0.1163595681,0.5771112489,0,-1.373204262,0.2208369971,0.09718407876,-0.2281252224,-0.1607367798,-0.5135269023,-0.417113588,0.2398986681,-0.02903358062,0.3094571318,-0.0758931083,-0.1892517163,-0.01663901449,-0.3745920139,-0.9404369276,-0.5989064469,-0.2089018749,-0.1950322539,-0.01243797521,0.2349258098,-0.1863699683,-0.1131190308,-0.09799874992,-0.2227243342,0.1122221845,-0.1855652621
349.5770009,0.0500334696,222.3413478,0.364824441,0.8737594447,-50.90795446,0.01451594886,-65.0595027,-0.01876442613,0.02012776345,0.2620936061,1.497031768,-1.784742968,-0.710012895,1.218870745,0.455852515,0.3887913128,-0.8357753513,-1.588899628,-0.5003461646,0.8868057588,-0.5604042421,-0.900160656,0.363194669,-0.436176716,-0.4115387061,-0.9308498921,1.121686667,0.6839777374,0.5495280926,-0.3222484489,-1.17178604,-0.7402448327,0.9158393394,-0.8698613739,-0.8242675477,0.5524463853,-0.4195377015
376.3382919,0.04658966796,240.2077963,0.3826691347,0.8755429817,26.76129103,-0.003443801632,17.86644849,0.01784469376,0.001783537002,0.1381180141,1.262189443,-1.253640451,0.3052969023,0.3228213894,-0.0004188366324,0.1085729862,-0.37257652,-0.5874521815,0.2572675346,0.3404606141,0.4289320577,-0.00423191443,-0.0573656713,-0.03212188694,0.5311025174,1.015309797,-0.8960493559,-0.4562713516,-0.2802183267,0.4631988313,1.001447446,0.7576136992,-0.5463451447,0.9893362998,0.8959287416,-0.4205603403,0.404054829
335.2033669,0.03028224462,257.7971414,0.3614425064,0.8297577723,-41.13492499,-0.01630742334,17.58934513,-0.02122662829,-0.04578520946,0.2420713645,1.271704579,-1.646867213,0.2090487687,0.04978925202,-0.2395180723,-0.1600002437,-0.255502019,-0.5233050989,0.1498236078,-0.01865262567,0.3400831221,0.04537909483,0.009227337327,0.04163483505,-0.3932267622,-0.09624813354,-0.2730321374,-0.2390992357,-0.2685732298,0.1170745009,0.06414708263,-0.1074439268,-0.3591132398,-0.08884893558,0.04961100926,0.06659300862,0.07375672199
334.9927351,0.02737961519,255.2266098,0.3537482093,0.826186298,-0.2106318333,-0.002902629433,-2.570531661,-0.007694297125,-0.003571474257,0.1484273944,1.325084691,-1.877771001,-0.04909132111,0.05504576326,0.1608363531,-0.06706815885,-0.4076808606,-0.4364813725,0.2816043863,-0.07098047755,0.3227347911,0.1619213243,-0.1760086506,0.001923377092,-0.2309037878,-0.2581400898,0.005256511237,0.4003544255,0.0929320848,-0.1521788415,0.08682372639,0.1317807785,-0.05232785188,-0.01734833103,0.1165422295,-0.1852359879,-0.03971145796
378.1694049,0.03601814141,270.5114647,0.3967082553,0.8592596441,43.17666983,0.008638526219,15.28485497,0.04296004596,0.03307334606,0.2183928728,1.107175799,-1.375480454,0.08557383282,-0.002483534314,-0.1339478419,-0.1581489042,-0.5335724708,-0.4467598081,0.2978949325,-0.0178245058,0.3214359139,0.1143034091,-0.114677809,0.0208481483,0.5022905473,0.1346651539,-0.05752929757,-0.294784195,-0.09108074533,-0.1258916102,-0.01027843563,0.01629054613,0.05315597175,-0.001298877152,-0.04761791519,0.06133084157,0.01892477121
380.7567347,0.03703437236,261.478996,0.4204335123,0.8727544088,2.587329749,0.001016230951,-9.032468739,0.023725257,0.01349476472,0.1443603501,1.290131349,-1.455214532,-0.02352650879,0.0319235433,-0.2002336312,0.01680164187,-0.5780304325,-0.6593364496,0.0805770354,0.1621361451,0.2024416728,0.0593551848,-0.08766584384,0.05218680362,-0.07973407828,-0.1091003416,0.03440707762,-0.06628578933,0.174950546,-0.04445796172,-0.2125766415,-0.2173178971,0.1799606509,-0.1189942411,-0.05494822429,0.02701196514,0.03133865532
366.9324075,0.03656428783,257.5644007,0.3990142877,0.8600207426,-13.82432721,-0.0004700845286,-3.914595301,-0.02141922454,-0.01273366615,0.08841741529,1.415292163,-1.626948812,-0.2001573158,0.001847004838,-0.3029752511,-0.05908398537,-0.4128924718,-0.4003713739,0.1393628797,0.08406682364,0.3638160043,0.01160614125,-0.2728773947,-0.01860741712,-0.1717342805,-0.1766308071,-0.03007653846,-0.1027416199,-0.07588562724,0.1651379608,0.2589650757,0.05878584426,-0.07806932149,0.1613743315,-0.04774904355,-0.1852115508,-0.07079422074
375.7880611,0.04463103864,257.3116615,0.4869386735,0.8898581746,8.855653587,0.008066750809,-0.2527391684,0.08792438576,0.029837432,0.07617912684,1.296532242,-1.698298306,-0.1652121001,-0.1339597802,-0.4180621534,0.04137843959,-0.4694723276,-0.5696747146,0.1301896681,0.3124151352,0.3581314309,0.2578127947,0.04194367853,0.129688554,-0.07134949371,0.03494521577,-0.135806785,-0.1150869023,0.100462425,-0.0565798558,-0.1693033407,-0.009173211563,0.2283483116,-0.005684573414,0.2462066535,0.3148210732,0.1482959712
346.1179659,0.07613430118,226.6629932,0.6142987623,0.9428693263,-29.67009514,0.03150326254,-30.64866834,0.1273600888,0.05301115165,0.6668294082,1.645779655,-4.314775222,-2.099223167,0.1320067675,-0.03201808476,0.5679054884,-0.9936996488,-0.6660584028,-0.5160972431,0.01660091269,0.1151551601,0.2156611322,-0.02227461457,0.05883280086,-2.616476916,-1.934011067,0.2659665476,0.3860440686,0.5265270488,-0.5242273212,-0.09638368819,-0.6462869111,-0.2958142225,-0.2429762708,-0.04215166258,-0.0642182931,-0.07085575318
224.9323324,0.04731022114,194.7053805,0.3989352009,0.8528991389,-121.1856335,-0.02882408004,-31.95761266,-0.2153635614,-0.0899701874,3.928278282,1.657106203,-2.936780447,-1.707384097,0.5645476267,0.5563091253,1.087138183,-0.114296716,-0.6751200377,-0.117563396,0.08190721111,-0.1145504306,0.05615403882,-0.3914286163,-0.04357863952,1.377994775,0.3918390706,0.4325408593,0.5883272101,0.5192326945,0.8794029327,-0.009061634874,0.398533847,0.06530629843,-0.2297055907,-0.1595070933,-0.3691540017,-0.1024114404
262.9191654,0.02398219807,204.9428823,0.3082419057,0.7793563949,37.98683299,-0.02332802308,10.23750173,-0.09069329521,-0.07354274402,11.41302457,1.741074429,3.193690894,0.4911355093,0.02233444829,-0.2610066455,0.8668978406,0.4942947756,-0.2190238522,-0.02144170452,0.3845157478,0.4565204791,-0.01399678144,-0.5678359618,-0.3427888016,6.130471341,2.198519606,-0.5422131785,-0.8173157709,-0.2202403423,0.6085914917,0.4560961855,0.09612169152,0.3026085367,0.5710709097,-0.07015082027,-0.1764073456,-0.2992101621
235.3979909,0.02599541128,164.9916281,0.112501344,0.7144824797,-27.52117456,0.002013213219,-39.95125417,-0.1957405617,-0.06487391514,11.53526779,1.593347304,5.171581683,-0.07207383458,0.1989149979,0.6871141348,-0.1101104182,-0.2115355373,-1.020790212,0.3679089487,1.403969326,-0.4441445145,-0.2266853856,-0.57349654,-0.4081953193,1.97789079,-0.5632093439,0.1765805496,0.9481207804,-0.9770082588,-0.705830313,-0.80176636,0.3893506532,1.019453578,-0.9006649936,-0.2126886041,-0.005660578212,-0.0654065177
267.8175441,0.02575081046,200.3028636,0.2282062152,0.7559815265,32.41955329,-0.0002446008245,35.31123552,0.1157048712,0.04149904681,10.69139151,1.359298355,3.478384908,1.038997041,2.179580299,-0.166089488,-1.503479108,-0.8275213179,-0.2476413923,-0.2054829472,0.6416421276,-0.6349847143,0.6219231351,-0.8862714719,-0.720096122,-1.693196776,1.111070876,1.980665302,-0.8532036228,-1.39336869,-0.6159857806,0.77314882,-0.5733918958,-0.7623271986,-0.1908401998,0.8486085206,-0.3127749319,-0.3119008027
285.9697264,0.01958040882,209.245868,0.06774259454,0.6833207457,18.15218225,-0.006170401636,8.943004337,-0.1604636207,-0.07266078089,10.39524305,1.442116974,3.127872641,1.780621439,2.482452695,-0.3636368055,-2.115304831,-0.6164369743,-0.1421560402,-0.341711986,0.880399171,-0.4836102754,0.3485438068,-0.8170432349,-0.6107900273,-0.3505122669,0.7416243974,0.3028723957,-0.1975473175,-0.6118257222,0.2110843435,0.1054853521,-0.1362290389,0.2387570434,0.1513744388,-0.2733793283,0.06922823703,0.1093060947
310.6603427,0.01983158106,235.8177997,0.06972158835,0.6756571434,24.69061627,0.0002511722377,26.57193178,0.001978993809,-0.007663602204,9.250410562,1.37696879,2.84453126,2.355960252,2.41329283,-0.485584323,-1.814981539,-0.6098527319,-0.3178583562,-0.5859699256,1.108625446,0.09623093635,0.2573875835,-0.6113575506,-0.5820149849,-0.2833413804,0.575338813,-0.06915986474,-0.1219475176,0.3003232919,0.00658424246,-0.175702316,-0.2442579395,0.2282262751,0.5798412118,-0.09115622326,0.2056856843,0.02877504244
309.670089,0.02106402842,242.6310616,0.1972300164,0.7333229676,-0.9902536771,0.001232447357,6.813261834,0.1275084281,0.0576658242,5.768992685,1.247346836,2.18389116,2.806442583,1.243023456,-0.1230711228,-0.7842323771,-0.8007050149,-0.3047993706,-0.5034356882,0.9829677612,-0.1939868291,0.005207363936,-0.5606541405,-0.3228550357,-0.6606401004,0.4504823313,-1.170269375,0.3625132002,1.030749162,-0.190852283,0.01305898557,0.08253423739,-0.1256576849,-0.2902177655,-0.2521802196,0.0507034101,0.2591599492
314.5815982,0.02539789811,250.3845536,0.1345674249,0.7349591419,4.911509173,0.004333869693,7.753492023,-0.06266259155,0.001636174283,3.315716055,1.793427173,0.7443189835,1.538014209,0.6714501263,-0.416130033,-0.4274190631,-0.9457439527,-0.8801714482,-0.164909767,0.1864704182,0.08980624425,-0.2614749051,-0.3726965455,-0.07709481794,-1.439572176,-1.268428374,-0.5715733292,-0.2930589102,0.356813314,-0.1450389378,-0.5753720776,0.3385259211,-0.796497343,0.2837930734,-0.2666822691,0.187957595,0.2457602178
