298.0597043,0.05089571462,167.0932845,0.4867876186,0.8991371668,298.0597043,0.05089571462,167.0932845,0.4867876186,0.8991371668,0,0,-4.043426863,-1.127649771,2.002525087,1.463633855,-0.5181104281,-0.7341333574,-0.2585130873,0.7419968008,-0.03655521667,0.2547025575,-0.05432482197,0.1481924302,-0.1538722822,-4.043426863,-1.127649771,2.002525087,1.463633855,-0.5181104281,-0.7341333574,-0.2585130873,0.7419968008,-0.03655521667,0.2547025575,-0.05432482197,0.1481924302,-0.1538722822
302.2388186,0.03747077431,182.9758355,0.3258553172,0.8506567701,4.179114312,-0.01342494031,15.88255104,-0.1609323014,-0.04848039673,9.663550308,0,-2.693749195,-1.00565531,2.970048468,1.973912612,-0.07109087666,-0.8429794214,-0.748393206,1.105590491,-0.3617669468,0.5792558095,-0.4742293293,0.1824535832,0.0802877164,1.349677669,0.1219944613,0.9675233811,0.5102787576,0.4470195514,-0.108846064,-0.4898801188,0.3635936904,-0.3252117301,0.324553252,-0.4199045074,0.03426115297,0.2341599986
298.0124859,0.03769262205,183.4710786,0.2899596483,0.8372256425,-4.226332697,0.0002218477339,0.4952430726,-0.03589566892,-0.01343112758,6.75658433,1.302704423,-0.9582980668,-1.77104076,3.281916611,1.805446168,-0.2243533172,-0.4306605603,-1.195175191,1.191880273,-0.4572102244,0.3614930912,-0.5216209702,-0.1872787975,0.06703567199,1.735451128,-0.76538545,0.3118681432,-0.1684664442,-0.1532624405,0.4123188611,-0.4467819846,0.08628978135,-0.09544327764,-0.2177627182,-0.04739164088,-0.3697323807,-0.01325204441
283.4270612,0.03841174721,179.1957781,0.2540080717,0.8323185481,-14.5854247,0.0007191251601,-4.275300483,-0.03595157659,-0.004907094412,6.332505114,1.045779917,-0.7107190138,-1.614475022,2.61744889,1.891754564,-0.4660190123,-0.4570552654,-1.756009206,0.909788158,-0.5461473923,0.6251549426,-0.9405779249,-0.3748621242,0.17622447,0.247579053,0.156565738,-0.6644677211,0.08630839633,-0.2416656952,-0.02639470507,-0.560834015,-0.2820921145,-0.08893716794,0.2636618514,-0.4189569547,-0.1875833267,0.1091887981
316.574776,0.03694881396,216.9413181,0.2837299916,0.8260451136,33.14771484,-0.001462933248,37.74554005,0.0297219199,-0.006273434451,6.780979186,1.274369236,0.4711596421,-1.072154404,0.8765962815,1.300840227,-0.161418659,0.5745079754,-1.438165516,0.0846836923,-1.05956727,0.8002151361,-0.3513593132,-0.3636353501,-0.3028537917,1.181878656,0.5423206179,-1.740852609,-0.590914337,0.3046003533,1.031563241,0.3178436893,-0.8251044657,-0.5134198777,0.1750601934,0.5892186117,0.01122677412,-0.4790782618
385.9415115,0.02030472401,291.4594371,0.3092662113,0.7964780897,69.36673548,-0.01664408995,74.518119,0.02553621966,-0.02956702395,5.971508661,1.396791163,0.142532509,-0.5138575876,0.9669347569,0.6830558922,0.3548646393,0.5991995711,-0.6836041116,-0.003602838082,-0.3110838602,0.06932998189,-0.08044928194,-0.3492367507,0.003262016638,-0.3286271331,0.5582968166,0.0903384754,-0.6177843352,0.5162832983,0.02469159569,0.7545614048,-0.08828653038,0.7484834098,-0.7308851542,0.2709100312,0.01439859936,0.3061158084
324.9476442,0.01520746644,264.9339405,0.2270386378,0.7239234273,-60.99386735,-0.005097257573,-26.52549663,-0.08222757343,-0.07255466237,3.491216441,1.472235302,-0.3899477214,0.3820750417,0.4980187653,0.3250465144,0.005834770789,0.2005024753,0.1681059017,0.07068853639,-0.2249954049,0.3080721668,0.01930302276,-0.6579962569,0.08465273433,-0.5324802304,0.8959326293,-0.4689159916,-0.3580093778,-0.3490298685,-0.3986970958,0.8517100133,0.07429137447,0.08608845535,0.2387421849,0.0997523047,-0.3087595062,0.08139071769
325.2670984,0.02409327847,264.5025711,0.2600564487,0.7687853622,0.319454245,0.008885812026,-0.4313694151,0.03301781088,0.04486193486,2.449335099,1.62701754,-0.988793737,0.3918539724,0.1822805168,0.4482814945,0.2853336322,0.3857342548,0.1456180871,0.3587222661,-0.1753951071,0.1708321753,-0.06088980292,-0.6581048538,0.01644485166,-0.5988460156,0.009778930738,-0.3157382485,0.1232349801,0.2794988614,0.1852317795,-0.02248781466,0.2880337297,0.0496002978,-0.1372399915,-0.08019282568,-0.0001085968902,-0.06820788267
366.0490815,0.0282383904,282.0028869,0.2129016077,0.7877886253,40.78198306,0.004145111936,17.50031583,-0.04715484105,0.01900326308,0.9895907516,1.578893074,0.4381287623,0.8419974091,0.3595834977,-0.1009889565,-0.8246994644,0.8010118256,-0.622764692,-0.2784784262,-0.5260495662,0.1733098637,-0.4041786785,0.1056074188,-0.2490884723,1.426922499,0.4501434367,0.1773029809,-0.549270451,-1.110033097,0.4152775708,-0.7683827791,-0.6372006922,-0.3506544592,0.002477688451,-0.3432888755,0.7637122726,-0.265533324
316.1248554,0.03662335477,230.9780506,0.2474803178,0.8172884781,-49.92422607,0.008384964365,-51.02483636,0.03457871018,0.02949985279,1.053129216,1.139246994,0.2794688978,0.06238155384,-0.07198626558,-0.5736759093,-0.6316739998,0.7943577219,-0.9110389769,-0.7674030002,-0.6385274719,0.38656884,-0.2469991065,0.2932646495,-0.1788567383,-0.1586598645,-0.7796158553,-0.4315697633,-0.4726869528,0.1930254646,-0.006654103668,-0.2882742849,-0.4889245741,-0.1124779057,0.2132589763,0.1571795719,0.1876572306,0.07023173399
