272.2665745,0.02247948998,189.8053915,0.1060711756,0.7036547181,272.2665745,0.02247948998,189.8053915,0.1060711756,0.7036547181,0,0,2.739302132,1.289911321,2.067734136,-2.655737352,-1.271328987,-0.9386638433,-0.7438922527,0.08428348626,-1.121699224,0.9332312348,-0.5553050536,-0.9174342215,0.3593273406,2.739302132,1.289911321,2.067734136,-2.655737352,-1.271328987,-0.9386638433,-0.7438922527,0.08428348626,-1.121699224,0.9332312348,-0.5553050536,-0.9174342215,0.3593273406
297.7248727,0.02514189083,211.9765404,0.1400572763,0.7241436906,25.45829814,0.00266240085,22.17114892,0.03398610073,0.02048897252,9.468171668,0,2.435769738,1.68413196,1.810193709,-2.856757182,-1.413041688,-0.5737734578,-1.12235432,-0.09085586272,-0.5472676503,0.5243130346,-0.2711498573,-0.9125068399,0.2851170521,-0.3035323937,0.394220639,-0.2575404262,-0.2010198306,-0.1417127014,0.3648903856,-0.3784620672,-0.175139349,0.5744315738,-0.4089182002,0.2841551963,0.004927381628,-0.07421028852
244.3438685,0.02701577978,159.9284096,0.1261978539,0.7179019638,-53.38100421,0.001873888949,-52.04813089,-0.01385942236,-0.006241726864,7.688403598,1.307063582,3.482246461,1.107532047,0.6980481083,-1.832784556,-1.860521276,-0.9863837155,-0.9658175036,-0.0614933202,-0.3709484217,0.07057739951,0.2138486117,-0.6868892538,-0.04995111779,1.046476723,-0.5765999129,-1.112145601,1.023972626,-0.4474795878,-0.4126102578,0.1565368163,0.02936254253,0.1763192286,-0.453735635,0.484998469,0.2256175861,-0.3350681699
275.8339255,0.02931955334,181.4619788,0.1738686315,0.7613932373,31.49005704,0.002303773569,21.53356926,0.04767077755,0.04349127357,8.455839631,1.325063652,4.269581599,-1.024950151,-1.007028556,-0.8014024795,-1.697346536,-0.1976823547,-1.424338874,0.6122012384,-0.7204920229,-0.6795347985,0.06477253851,-0.04431924438,-0.1976438356,0.7873351381,-2.132482198,-1.705076664,1.031382077,0.1631747404,0.7887013608,-0.4585213706,0.6736945586,-0.3495436012,-0.750112198,-0.1490760732,0.6425700094,-0.1476927178
338.1624122,0.02912088898,216.5027907,0.1283128938,0.780199288,62.32848674,-0.0001986643664,35.04081194,-0.04555573764,0.01880605066,8.09836172,1.32898233,4.679477685,-2.345545217,-1.876258111,-0.1354696076,0.2091115442,0.5086474929,-1.732052931,-0.2771515741,-0.2431809732,-0.116298756,-0.4074686081,0.7739314287,-0.2153746952,0.4098960858,-1.320595066,-0.8692295547,0.6659328719,1.90645808,0.7063298476,-0.3077140572,-0.8893528126,0.4773110497,0.5632360425,-0.4722411466,0.8182506731,-0.01773085958
343.914774,0.03412772054,210.9973453,0.102665676,0.783559525,5.752361722,0.005006831566,-5.505445437,-0.02564721788,0.003360236998,4.55092336,1.405490038,4.528256871,-3.083406957,-1.901680749,0.8420302763,1.485977454,-0.04382221037,-1.670935126,-0.8599667712,0.4007777744,-0.05959643787,-0.3650629631,0.3549144532,-0.02985625158,-0.1512208133,-0.7378617396,-0.02542263849,0.9774998839,1.27686591,-0.5524697033,0.06111780544,-0.582815197,0.6439587476,0.05670231815,0.04240564502,-0.4190169755,0.1855184436
395.5288689,0.02476498248,260.1878667,0.1133686534,0.7702938427,51.61409496,-0.009362738063,49.19052137,0.01070297744,-0.01326568232,3.406083141,1.333912306,2.775865125,-3.419513274,-0.4718228422,1.750116836,1.016528015,-0.254176384,-0.9780971641,-0.4392569861,-0.01993543921,0.5703650432,-0.6928591224,-0.1104679195,0.4647022652,-1.752391747,-0.336106317,1.429857907,0.9080865593,-0.4694494388,-0.2103541736,0.6928379618,0.4207097851,-0.4207132136,0.629961481,-0.3277961593,-0.4653823726,0.4945585168
321.7364651,0.02104305811,224.6492309,0.2954654258,0.8100498165,-73.79240385,-0.003721924371,-35.53863581,0.1820967724,0.03975597381,2.209122702,1.526472942,-0.08427816673,-1.865259934,1.044622869,-0.1193073038,0.7685907413,-0.9387585628,-1.104115086,-1.145269452,0.7947026298,0.9191788896,-0.4604943881,0.5535587337,-0.4213676246,-2.860143292,1.55425334,1.516445711,-1.869424139,-0.2479372737,-0.6845821787,-0.1260179221,-0.7060124654,0.814638069,0.3488138464,0.2323647343,0.6640266532,-0.8860698897
378.1180378,0.02898727531,245.6227391,0.2757470554,0.8401433168,56.38157273,0.0079442172,20.97350827,-0.01971837039,0.0300935003,1.465350938,1.247212657,-1.007216497,-2.046184945,0.1258957141,-0.5563859565,0.6519008368,-0.9379794877,-1.050788447,-1.264921168,1.160633901,0.799676394,-0.1844679763,0.620484354,-0.6777346332,-0.9229383299,-0.1809250111,-0.918727155,-0.4370786527,-0.1166899045,0.000779075083,0.05332663967,-0.1196517164,0.3659312714,-0.1195024956,0.2760264117,0.06692562023,-0.2563670087
308.4924942,0.0282969282,206.4466647,0.3187292028,0.8419688509,-69.62554356,-0.0006903471081,-39.17607448,0.04298214742,0.001825534163,0.8101322819,1.326762066,-1.27254585,-1.144563604,-0.2256623189,-0.1850211255,0.4504601717,-0.2290479743,-0.7034490046,-0.5255351434,0.8240614351,0.6423905138,-0.03761217409,0.05291269529,-0.2461361426,-0.2653293529,0.9016213406,-0.3515580329,0.371364831,-0.201440665,0.7089315133,0.3473394419,0.7393860246,-0.3365724661,-0.1572858803,0.1468558022,-0.5675716587,0.4315984906
