294.2734715,0.03268021397,188.1922469,0.1491737523,0.7677056771,294.2734715,0.03268021397,188.1922469,0.1491737523,0.7677056771,0,0,2.614609059,-0.6517634953,1.360422676,-3.237233349,-1.090636854,-0.5455312724,0.2432356268,0.1374003448,-0.5445210001,0.4860693644,-1.0166652,0.3093835167,-0.2927990009,2.614609059,-0.6517634953,1.360422676,-3.237233349,-1.090636854,-0.5455312724,0.2432356268,0.1374003448,-0.5445210001,0.4860693644,-1.0166652,0.3093835167,-0.2927990009
319.878232,0.03395851415,205.9383178,0.1777507219,0.7817318833,25.60476047,0.001278300179,17.74607087,0.02857696967,0.01402620619,6.903820426,0,2.073029246,-1.382741951,0.9950693574,-2.773963453,-1.414005667,-0.3473244637,0.04031313617,0.05183079945,-0.5166393257,0.3668768269,-0.9663673256,0.2037644689,-0.1938323488,-0.5415798123,-0.7309784559,-0.3653533188,0.4632698964,-0.3233688136,0.1982068087,-0.2029224907,-0.08556954535,0.02788167442,-0.1191925374,0.05029787473,-0.1056190478,0.09896665208
289.9874928,0.03983094053,177.958443,0.1092983598,0.7733043334,-29.8907392,0.005872426377,-27.97987481,-0.06845236212,-0.008427549858,5.688290622,1.164336273,2.537610073,-1.395220176,0.5138982061,-2.767800348,-1.571410531,-0.4395615122,0.08875362185,0.02705599404,-0.5262973671,0.2107667051,-0.6981190238,-0.1804884058,0.09682117268,0.4645808269,-0.01247822474,-0.4811711514,0.00616310524,-0.1574048641,-0.09223704844,0.04844048568,-0.02477480541,-0.009658041363,-0.1561101218,0.2682483018,-0.3842528747,0.2906535215
303.7423503,0.04314667404,184.5539069,0.1706684522,0.7886376715,13.75485751,0.003315733512,6.595463931,0.06137009242,0.01533333813,4.54932536,1.336658866,3.863461708,-2.536595819,-0.00775298855,-1.985902666,-1.964615952,-0.4081335062,0.2172230458,0.1984710517,-0.7466430435,0.4563401879,-0.6387322073,0.06050269032,0.04545305941,1.325851634,-1.141375643,-0.5216511946,0.7818976816,-0.3932054204,0.03142800601,0.128469424,0.1714150577,-0.2203456764,0.2455734828,0.05938681643,0.2409910961,-0.05136811327
372.5758762,0.04099100259,235.1406926,0.07851268675,0.794613532,68.83352588,-0.00215567145,50.58678569,-0.09215576548,0.005975860517,6.253551074,1.369632943,5.199914883,-3.828162823,-0.6458863997,-0.3667028266,-1.994796951,0.03546870401,-0.4992325528,0.5165170944,-1.019586843,-0.05930690489,-0.5082490546,0.8036230206,-0.1510572673,1.336453175,-1.291567004,-0.6381334111,1.61919984,-0.03018099962,0.4436022102,-0.7164555986,0.3180460426,-0.2729437999,-0.5156470928,0.1304831527,0.7431203303,-0.1965103267
367.4688371,0.03782724382,234.6880301,0.197461994,0.8098967736,-5.107039033,-0.003163758775,-0.4526625508,0.1189493073,0.0152832415,5.96766351,1.106446566,5.372063405,-3.542240951,-1.082367418,0.1964083743,-0.4670522781,0.5756286582,-1.631933459,-0.1962794519,-0.1892145722,-0.2810853355,-0.6179792199,0.6165749669,-0.4028516834,0.172148522,0.2859218719,-0.4364810185,0.5631112008,1.527744673,0.5401599541,-1.132700906,-0.7127965463,0.8303722712,-0.2217784306,-0.1097301652,-0.1870480537,-0.2517944161
332.9084349,0.0301942037,219.9347307,0.08240228441,0.7645989749,-34.56040227,-0.007633040122,-14.75329937,-0.1150597096,-0.04529779865,5.922446839,1.207381786,5.35668166,-1.93241572,-0.8895035627,0.3431693204,0.7246367363,0.8499224395,-0.1626052702,-0.1583007253,0.2576346831,-0.4786757639,-0.3765753807,0.3421891048,0.005000851661,-0.0153817441,1.609825231,0.1928638555,0.1467609461,1.191689014,0.2742937813,1.469328188,0.03797872661,0.4468492553,-0.1975904284,0.2414038391,-0.2743858621,0.4078525351
351.0079531,0.03400481191,260.9036818,0.3290675205,0.8196670461,18.09951822,0.003810608214,40.96895108,0.2466652361,0.05506807117,4.209226319,1.315661823,3.09101602,-0.3644825767,-0.9756021141,-0.1148124702,0.5541750169,0.205696883,-0.2002249958,0.2853723091,0.1060168254,0.02304936735,-0.2647812786,0.271810361,0.3128095343,-2.265665641,1.567933143,-0.0860985514,-0.4579817906,-0.1704617194,-0.6442255564,-0.03761972562,0.4436730344,-0.1516178577,0.5017251313,0.1117941021,-0.07037874384,0.3078086826
355.5537758,0.03266444969,256.6550169,0.2470421572,0.8148119295,4.545822755,-0.001340362223,-4.248664864,-0.08202536331,-0.004855116523,2.141202407,1.494096326,0.260008097,-0.4769215476,-0.1570258223,0.5842370625,0.2398083949,0.3255260747,-0.2905030548,-0.4389708933,0.296217451,-0.07337258939,0.03533609372,0.1304980761,-0.3916747523,-2.831007923,-0.1124389709,0.8185762918,0.6990495328,-0.3143666221,0.1198291916,-0.09027805899,-0.7243432024,0.1902006257,-0.09642195674,0.3001173723,-0.1413122849,-0.7044842866
349.0206921,0.03743467149,237.9430259,0.3054626102,0.8394142498,-6.533083765,0.004770221803,-18.71199104,0.05842045301,0.02460232029,0.7188334117,1.483721295,0.3511994379,-0.1057316857,0.0814738764,-1.163016981,0.153994978,0.05131666859,-0.4619642819,-0.9039233749,0.6195283663,0.4226632407,0.4614266515,0.07054793021,-0.3926940676,0.09119134095,0.3711898618,0.2384996987,-1.747254044,-0.08581341691,-0.2742094061,-0.1714612271,-0.4649524816,0.3233109153,0.4960358301,0.4260905577,-0.05995014587,-0.001019315304
