238.4919168,0.03681203035,137.3600274,0.2339748603,0.8274451096,238.4919168,0.03681203035,137.3600274,0.2339748603,0.8274451096,0,0,-1.518964938,-4.644564864,-0.2146336896,1.057368654,0.8528049492,0.1752971366,-0.663547018,-0.2729923476,0.1819212529,0.1766955819,0.09874329091,0.1273883982,0.07747945328,-1.518964938,-4.644564864,-0.2146336896,1.057368654,0.8528049492,0.1752971366,-0.663547018,-0.2729923476,0.1819212529,0.1766955819,0.09874329091,0.1273883982,0.07747945328
264.7753484,0.06199004605,158.0492915,0.453826258,0.8970143068,26.28343168,0.0251780157,20.68926404,0.2198513978,0.06956919727,1.220634767,0,-0.3987786444,-0.8046573102,0.08940731582,0.6531250241,0.6826034901,-0.3110992604,-0.4508469219,0.1217476041,0.1718460136,0.09319933203,-0.1901572696,-0.02069991417,0.1820031348,1.120186293,3.839907554,0.3040410054,-0.4042436294,-0.1702014592,-0.486396397,0.2127000961,0.3947399517,-0.01007523933,-0.08349624985,-0.2889005605,-0.1480883124,0.1045236815
275.7604566,0.04203565946,181.8349424,0.3727374996,0.8612233745,10.9851082,-0.01995438659,23.78565093,-0.08108875844,-0.03579093235,3.45290516,1.503076218,-2.443969184,-1.956954674,-0.4135096913,0.8174680436,0.7492754293,0.1626067946,-0.5575936617,0.03033537588,-0.2870638336,0.0723967742,0.01307020008,-0.1628140615,0.0599498491,-2.04519054,-1.152297364,-0.5029170071,0.1643430195,0.06667193928,0.4737060551,-0.1067467398,-0.09141222819,-0.4589098472,-0.02080255783,0.2032274697,-0.1421141474,-0.1220532857
311.9853994,0.03641767751,196.2085498,0.2432041101,0.819860622,36.22494271,-0.005617981956,14.37360737,-0.1295333895,-0.04136275252,5.305368728,1.452072163,1.516689513,-0.9033716153,-1.56163632,0.5392419656,1.54285617,1.061754563,-0.3295013859,-0.3516909359,0.08290482846,0.2104242127,0.09259848587,0.1140823941,0.1454827205,3.960658697,1.053583059,-1.148126629,-0.278226078,0.7935807408,0.8991477682,0.2280922758,-0.3820263118,0.3699686621,0.1380274385,0.0795282858,0.2768964557,0.08553287139
330.5667379,0.04514104374,203.609764,0.1899100557,0.8229495722,18.58133859,0.008723366233,7.401214181,-0.05329405444,0.003088950246,6.871534723,1.262732801,2.488736092,-2.021928508,-1.133785371,0.7861158642,1.004561402,-0.8826476907,-0.5216255703,-1.075503326,0.06803462491,-0.6050208505,0.1261204125,0.1524221013,-0.7395359425,0.9720465793,-1.118556892,0.4278509489,0.2468738986,-0.5382947686,-1.944402254,-0.1921241843,-0.7238123899,-0.01487020355,-0.8154450632,0.03352192664,0.03833970716,-0.885018663
391.1554183,0.04137911417,253.3152222,0.1484126254,0.8187707248,60.58868031,-0.003761929575,49.70545819,-0.04149743031,-0.004178847444,5.472139184,1.229240349,1.046202582,-1.256829064,-1.225863829,-0.1214638823,-0.2249644509,-1.963766537,-0.3625498406,-1.037198543,0.04718433454,0.006008914586,0.601989377,-0.1242606312,-0.5072733905,-1.442533511,0.7650994435,-0.09207845749,-0.9075797466,-1.229525852,-1.081118847,0.1590757297,0.0383047828,-0.02085029036,0.6110297651,0.4758689645,-0.2766827325,0.2322625521
405.819177,0.03347475923,268.7352764,0.2608610397,0.8266628171,14.6637587,-0.007904354932,15.42005427,0.1124484144,0.007892092317,6.262711296,1.116734978,0.4910552694,-0.737042203,-1.624229819,0.1695093719,-0.220308802,-1.836395799,-0.2767059339,-1.078383517,0.1492816209,0.4525923868,0.7595005568,-0.3606182522,-0.3324013344,-0.5551473125,0.5197868611,-0.3983659909,0.2909732542,0.004655648923,0.1273707385,0.08584390669,-0.04118497427,0.1020972863,0.4465834722,0.1575111798,-0.236357621,0.1748720561
366.8777002,0.02918590123,237.6790693,0.2310539926,0.8214106022,-38.94147673,-0.004288858007,-31.05620711,-0.02980704713,-0.005252214901,4.84925336,1.283092625,-0.03108530325,-0.6982323756,-1.505960651,-0.01171677367,-0.3080962587,-1.361571325,-0.626763194,-0.9177082812,-0.04160995594,0.3712334545,1.150786906,-0.5986948077,0.06033093382,-0.5221405726,0.03880982738,0.1182691684,-0.1812261456,-0.08778745674,0.4748244743,-0.3500572601,0.1606752361,-0.1908915768,-0.08135893224,0.3912863494,-0.2380765556,0.3927322682
310.5606906,0.03674573213,204.0075259,0.2277219094,0.8168085773,-56.31700959,0.007559830905,-33.67154339,-0.003332083212,-0.004602024842,2.969246672,1.261007588,1.299391869,0.4060344455,-0.8928142359,0.3903603273,0.4299210794,-0.2459072138,-0.4537568123,-0.5735857886,-0.8824843439,0.1230329827,1.009070479,-0.699643585,-0.1591313114,1.330477172,1.104266821,0.6131464151,0.402077101,0.7380173381,1.115664111,0.1730063817,0.3441224926,-0.840874388,-0.2482004718,-0.1417164275,-0.1009487773,-0.2194622452
335.5823802,0.03232350649,248.8087725,0.2624235411,0.8114649978,25.02168956,-0.004422225646,44.80124656,0.03470163173,-0.005343579513,2.335940658,1.50754312,0.3215061511,0.3068010574,-0.1283096036,0.2418859509,0.4120053986,-0.2919030959,-0.5268548079,-0.4028619514,-0.2246753259,0.1203374344,0.2244228779,-0.3248004087,-0.2832442351,-0.977885718,-0.09923338812,0.7645046324,-0.1484743764,-0.01791568085,-0.04599588219,-0.07309799567,0.1707238372,0.657809018,-0.002695548305,-0.7846476009,0.3748431763,-0.1241129237
