295.1611058,0.02320893934,244.6685214,0.3806446776,0.8039150207,295.1611058,0.02320893934,244.6685214,0.3806446776,0.8039150207,0,0,-0.2429715894,0.5483899342,0.3975477198,-0.102719898,0.1870635044,-0.1655821084,-0.3622451345,-0.1608153798,-0.004141137432,0.01372746067,0.008644648759,0.01793979152,0.2062310751,-0.2429715894,0.5483899342,0.3975477198,-0.102719898,0.1870635044,-0.1655821084,-0.3622451345,-0.1608153798,-0.004141137432,0.01372746067,0.008644648759,0.01793979152,0.2062310751
272.6989184,0.02631400004,182.4956615,0.1916918137,0.7647516841,-22.4621874,0.003105060697,-62.1728599,-0.1889528639,-0.03916333658,7.867781219,0,3.716126325,0.4971754117,-1.247164868,-0.2994440983,1.701798378,0.5743068007,-0.08235650068,0.849857644,0.3704521095,0.390884567,-0.4294557131,-0.05542764313,0.3456165648,3.959097915,-0.05121452251,-1.644712588,-0.1967242003,1.514734873,0.7398889091,0.2798886338,1.010673024,0.374593247,0.3771571063,-0.4381003618,-0.07336743465,0.1393854897
246.655462,0.03091143653,162.5123123,0.2458708116,0.7903434902,-26.04345647,0.004597436498,-19.98334915,0.05417899787,0.02559180616,12.18609386,1.610855114,1.939575254,-1.340893577,1.157686688,0.8973772842,0.4516740896,-0.4011920631,-1.012908426,-0.3535112055,-0.8193341591,-0.05881516895,-0.2476937912,-0.2035892522,-0.1019639587,-1.776551071,-1.838068989,2.404851556,1.196821382,-1.250124288,-0.9754988638,-0.9305519251,-1.203368849,-1.189786269,-0.4496997359,0.1817619218,-0.1481616091,-0.4475805236
282.7193943,0.02506421209,179.4755063,0.2080897876,0.777540308,36.06393239,-0.005847224439,16.96319397,-0.03778102399,-0.0128031822,7.888733875,1.438325982,1.329113409,-1.146402209,0.8184209597,0.4220923815,-0.5594582916,-0.9469646882,-1.322638408,-0.3827567482,-0.9984736139,0.3273167144,0.049500311,-0.7919607558,-0.1569102007,-0.6104618453,0.1944913677,-0.339265728,-0.4752849027,-1.011132381,-0.5457726251,-0.3097299825,-0.02924554267,-0.1791394548,0.3861318833,0.2971941022,-0.5883715036,-0.05494624194
263.5739123,0.03332078207,177.8135413,0.2823808768,0.8067334691,-19.14548206,0.00825656998,-1.661964963,0.07429108917,0.02919316104,8.913778901,1.070000581,1.047570657,-0.761892047,0.8650481922,0.9749360347,-0.5743719798,-0.5343172484,-1.219762491,-0.07327673243,-1.366013298,0.7885463923,0.0943310625,-0.9185263654,-0.1861323183,-0.2815427522,0.3845101624,0.04662723249,0.5528436532,-0.01491368822,0.4126474398,0.1028759176,0.3094800157,-0.367539684,0.4612296779,0.0448307515,-0.1265656095,-0.02922211768
299.956214,0.02774752741,208.4673812,0.2092824241,0.7781731739,36.38230169,-0.005573254669,30.65383992,-0.07309845264,-0.02856029516,7.888368954,1.501622478,1.760171287,-0.5896364108,0.9871027411,1.235611176,0.3989457957,0.3111498968,-0.8136851465,0.04627288231,-0.8389613242,0.7082540227,0.8075203578,-0.5278799924,-0.3789812479,0.7126006306,0.1722556362,0.122054549,0.2606751413,0.9733177755,0.8454671451,0.4060773441,0.1195496147,0.5270519738,-0.08029236954,0.7131892953,0.390646373,-0.1928489296
317.4495293,0.02167346745,249.9558304,0.26813408,0.7704918932,17.49331533,-0.006074059952,41.48844916,0.05885165593,-0.007681280687,4.08213929,1.58548184,0.6744080549,-0.04842499519,0.5211478438,0.3914992711,0.6518014171,0.1748769037,-0.7103229757,-0.4422635343,-0.4370883303,0.3134091194,0.2843600002,-0.7203852509,-0.210112495,-1.085763232,0.5412114156,-0.4659548973,-0.8441119049,0.2528556215,-0.1362729931,0.1033621708,-0.4885364166,0.4018729939,-0.3948449033,-0.5231603576,-0.1925052585,0.1688687529
328.2721056,0.02657677736,246.1106774,0.2149644289,0.7863719051,10.82257627,0.004903309908,-3.845153005,-0.05316965116,0.01588001189,1.647299046,1.996053498,-0.413884456,1.715256079,0.3946217474,1.267228673,-0.6794857847,0.2115366648,0.6472218495,0.1813081161,-1.286232867,0.820361899,0.4312047275,-0.298015493,-0.07238241706,-1.088292511,1.763681074,-0.1265260964,0.875729402,-1.331287202,0.0366597611,1.357544825,0.6235716504,-0.8491445372,0.5069527795,0.1468447273,0.4223697579,0.137730078
365.5062452,0.02426299028,272.8759384,0.1907479607,0.7830780887,37.23413959,-0.002313787078,26.76526098,-0.02421646818,-0.003293816455,0.7783201562,1.426927488,0.295619176,1.306606149,0.3347046485,0.492043628,-0.8638625517,0.4265249684,0.2149269215,0.04999897189,-1.716221566,0.4157697335,0.4950301697,-0.2298748745,-0.3544411739,0.7095036321,-0.4086499303,-0.05991709897,-0.7751850451,-0.1843767671,0.2149883036,-0.432294928,-0.1313091442,-0.4299886982,-0.4045921655,0.06382544221,0.06814061855,-0.2820587568
326.6233889,0.02596852794,238.7964318,0.2832811183,0.8076599579,-38.88285632,0.00170553766,-34.07950661,0.09253315757,0.02458186928,1.780363277,0.9632400308,0.6987240547,1.126407526,0.4065916835,0.3332411795,-0.3955801265,0.1909286503,-0.05044246802,0.01527927186,-1.339830658,0.2542997213,0.2460808568,0.01313129089,-0.274171994,0.4031048787,-0.1801986222,0.07188703503,-0.1588024485,0.4682824252,-0.2355963181,-0.2653693896,-0.03471970003,0.376390908,-0.1614700122,-0.2489493129,0.2430061653,0.08026917984
