354.7589894,0.02473668609,285.5847806,0.1944177378,0.7541726589,354.7589894,0.02473668609,285.5847806,0.1944177378,0.7541726589,0,0,-0.1257550196,1.041727525,0.5961811638,-0.1748465781,0.08944742166,-0.2285145352,-0.1028081194,0.04750994105,0.2650493124,0.2250943319,-0.09906923507,-0.1602921478,0.0532856004,-0.1257550196,1.041727525,0.5961811638,-0.1748465781,0.08944742166,-0.2285145352,-0.1028081194,0.04750994105,0.2650493124,0.2250943319,-0.09906923507,-0.1602921478,0.0532856004
353.8246979,0.0213971696,282.9498934,0.3452996127,0.7887885805,-0.934291503,-0.003339516491,-2.634887229,0.1508818749,0.0346159216,1.26319796,0,0.4041712658,1.08498914,0.6552192656,-0.1462592525,0.1533774086,-0.4919755454,-0.3501300489,-0.08050044865,0.3324058423,0.411456053,0.2464613985,0.1770776498,0.2906451833,0.5299262855,0.04326161499,0.05903810179,0.02858732561,0.0639299869,-0.2634610102,-0.2473219295,-0.1280103897,0.06735652988,0.1863617211,0.3455306335,0.3373697976,0.2373595829
249.094691,0.02279765523,195.9197731,0.196691685,0.7374210763,-104.7300069,0.001400485632,-87.03012034,-0.1486079277,-0.05136750418,4.094892931,1.570421383,2.056503826,1.298039811,0.4193324951,-0.09702607664,-0.08423088714,-0.3139292365,0.2772155798,0.7775898959,0.6534142529,0.6097204845,0.274869981,-0.1123053262,-0.001826655529,1.652332561,0.2130506711,-0.2358867705,0.04923317583,-0.2376082957,0.1780463089,0.6273456288,0.8580903445,0.3210084106,0.1982644316,0.02840858255,-0.289382976,-0.2924718388
236.0662624,0.03092062598,154.2499464,0.2322922952,0.7968398766,-13.02842865,0.008122970748,-41.66982665,0.03560061021,0.05941880025,5.569152905,1.577247729,1.957010671,-2.084574167,0.5084901723,2.925492888,0.8707283344,-0.797729573,0.1718091125,0.3408628527,0.08009275535,-0.02814151449,0.4299635366,0.3057285745,0.0564772371,-0.09949315504,-3.382613979,0.08915767719,3.022518965,0.9549592215,-0.4838003365,-0.1054064674,-0.4367270432,-0.5733214975,-0.637861999,0.1550935556,0.4180339007,0.05830389263
311.0649069,0.02317115668,186.162005,0.2876378613,0.8041969235,74.99864458,-0.007749469305,31.91205862,0.05534556612,0.007357046911,5.516640766,1.408564772,-1.60841439,-2.347986137,2.577744715,3.126854073,-1.127521049,-0.8571790456,-0.08233599926,0.7627088928,-0.3316788149,0.1827042663,0.1984353443,0.1824865147,-0.07440195676,-3.565425062,-0.2634119692,2.069254542,0.2013611849,-1.998249384,-0.05944947258,-0.2541451118,0.4218460401,-0.4117715702,0.2108457808,-0.2315281924,-0.1232420598,-0.1308791939
335.8927171,0.01772134648,216.7076507,0.2295050236,0.7781991397,24.82781015,-0.005449810193,30.54564566,-0.05813283764,-0.02599778386,5.582268496,1.335164557,-3.269909445,-0.7604126645,3.073547677,2.401586637,-1.549027754,-0.4645078958,0.3381985148,0.5210232949,-0.175067089,-0.2190611689,0.5349097737,0.05018724003,-0.05547727099,-1.661495054,1.587573472,0.4958029625,-0.725267436,-0.4215067045,0.3926711498,0.4205345141,-0.2416855979,0.1566117259,-0.4017654351,0.3364744294,-0.1322992747,0.01892468577
273.0671371,0.01952755758,195.2866291,0.300538722,0.7853283136,-62.82558001,0.001806211093,-21.42102158,0.07103369833,0.007129173903,4.962832468,1.371848229,-2.168630273,-1.360134517,2.669333084,2.976739203,-1.242240679,0.08399310126,0.2458533947,1.204231683,-0.3903766114,0.04518751787,0.2938012444,0.0380165758,-0.03745934828,1.101279171,-0.599721853,-0.404214593,0.5751525655,0.3067870752,0.548500997,-0.09234512005,0.6832083878,-0.2153095224,0.2642486867,-0.2411085293,-0.01217066423,0.01801792271
327.8382494,0.02892307225,232.4214587,0.3361780312,0.8280363559,54.77111235,0.009395514675,37.13482954,0.03563930925,0.0427080423,5.103540574,1.508607572,-0.5561339451,-0.9275452411,1.413666747,0.7870585977,-0.3410403859,-0.3344279977,0.141548979,0.6254240352,-0.06536874166,0.02302667922,0.4197006705,-0.1738177716,-0.2909550604,1.612496328,0.4325892763,-1.255666337,-2.189680605,0.9012002927,-0.418421099,-0.1043044158,-0.5788076474,0.3250078697,-0.02216083866,0.1258994261,-0.2118343474,-0.2534957122
320.0161097,0.0513981598,192.2027839,0.4052311261,0.882914022,-7.82213969,0.02247508754,-40.21867472,0.06905309484,0.0548776661,4.816896552,1.651038357,-2.178188991,-0.002330177255,1.011368231,0.7937426553,-0.8340209945,-2.191394617,-0.1741585978,-0.5264899313,-0.00507432619,0.9459656279,-0.6400415589,-0.5246453746,-0.2264260061,-1.622055046,0.9252150638,-0.4022985163,0.00668405756,-0.4929806086,-1.856966619,-0.3157075768,-1.151913967,0.06029441547,0.9229389487,-1.059742229,-0.350827603,0.06452905434
360.4960347,0.03535328269,226.4111473,0.3266052714,0.8405678197,40.4799249,-0.01604487711,34.2083634,-0.07862585464,-0.04234620222,10.42056476,1.849032631,-0.9916659198,-0.6637710662,1.210507265,0.5901035538,-0.4035336151,-1.598592835,-0.7141983001,-0.9763296701,-0.554452386,0.7080947209,-0.4122383563,-0.6836189881,0.0968494938,1.186523071,-0.6614408889,0.1991390338,-0.2036391015,0.4304873794,0.5928017817,-0.5400397023,-0.4498397388,-0.5493780598,-0.2378709071,0.2278032026,-0.1589736136,0.3232754999
337.6425862,0.02933594849,212.754971,0.2229037952,0.8045275871,-22.85344848,-0.0060173342,-13.65617636,-0.1037014762,-0.03604023261,7.338385109,1.149232963,0.4591033668,-1.154251126,1.339122204,0.6085903342,-0.7753345886,-0.9793168487,-1.200532152,-1.004585333,-0.7829259452,0.4426777728,-0.1876727091,-0.8125559761,0.2494230526,1.450769287,-0.4904800599,0.1286149395,0.01848678043,-0.3718009735,0.6192759863,-0.4863338517,-0.02825566307,-0.2284735592,-0.2654169481,0.2245656471,-0.128936988,0.1525735588
272.0087761,0.0294343888,179.1604101,0.272636114,0.8068544758,-65.63381002,9.84403098e-05,-33.59456084,0.04973231873,0.002326888655,7.429640124,1.010023798,-0.001060683265,-0.7565920637,1.56009751,0.7952351708,-0.5737520864,-0.8969101429,-1.074897217,-0.9030127554,-0.9830577865,0.2555751719,-0.5450084589,-0.8616996099,0.05503555577,-0.4601640501,0.3976590624,0.2209753057,0.1866448366,0.2015825023,0.08240670576,0.1256349352,0.1015725778,-0.2001318413,-0.1871026009,-0.3573357497,-0.04914363384,-0.1943874968
292.0810205,0.0310003582,195.0389331,0.2231793215,0.8006073666,20.07224437,0.001565969402,15.87852301,-0.04945679244,-0.006247109147,9.13948022,1.278228654,0.5189470066,-1.276861878,2.656196287,1.832041395,0.172614285,-0.6967819112,-0.9068298849,0.3282130667,-0.9548778725,0.7780641723,-0.476135106,-0.2824419905,-0.3667828195,0.5200076899,-0.5202698143,1.096098777,1.036806225,0.7463663714,0.2001282317,0.1680673317,1.231225822,0.02817991404,0.5224890004,0.06887335289,0.5792576194,-0.4218183753
360.8677879,0.02137726979,257.5118945,0.2160088444,0.7813062896,68.78676736,-0.009623088415,62.47296131,-0.007170477142,-0.01930107703,6.223595366,1.479454334,0.2958198549,-0.530796489,1.580743385,1.138241853,0.4065357929,-0.6700299196,-0.7106496306,0.1608982553,-0.3209970541,-0.02637111685,0.08140514824,-0.5634268799,-0.1731579818,-0.2231271517,0.746065389,-1.075452902,-0.693799542,0.2339215079,0.02675199157,0.1961802544,-0.1673148115,0.6338808184,-0.8044352892,0.5575402542,-0.2809848893,0.1936248377
348.247725,0.03220423502,256.823473,0.3561260807,0.8423368849,-12.62006289,0.01082696524,-0.6884214729,0.1401172363,0.06103059527,1.9555611,1.650403698,-2.443654708,-0.7628582756,-1.210716762,1.829520779,0.7869641214,-0.4065021031,0.8789517676,-0.5480289511,0.2050252319,0.3201934988,0.4539668276,-0.3510357362,-0.4701191204,-2.739474563,-0.2320617866,-2.791460147,0.6912789252,0.3804283284,0.2635278165,1.589601398,-0.7089272064,0.526022286,0.3465646157,0.3725616793,0.2123911437,-0.2969611386
332.9055231,0.03564711624,236.061287,0.4127835695,0.8679974382,-15.34220194,0.003442881219,-20.76218596,0.05665748883,0.02566055337,0.8655689867,1.421900851,-2.000349023,-0.1543354065,0.4531439313,1.436573692,1.126168976,-0.3975598128,0.07601053506,0.06601927276,-0.1135866017,0.3561957596,0.2312652969,-0.1608676101,-0.4413715602,0.4433056851,0.6085228691,1.663860693,-0.3929470869,0.3392048544,0.008942290232,-0.8029412325,0.6140482239,-0.3186118336,0.03600226072,-0.2227015307,0.1901681261,0.02874756016
258.0508457,0.04299463,200.0893558,0.4167678314,0.8731796054,-74.85467737,0.00734751376,-35.9719312,0.003984261817,0.00518216713,1.234711929,1.007367699,-3.033164013,0.02386191961,0.5998863998,0.06446990684,0.5114268665,-0.5789895086,0.2569475717,-0.1508738749,-0.06194266114,0.3434321649,-0.185991591,-0.2142693536,-0.2166465473,-1.032814991,0.1781973261,0.1467424685,-1.372103785,-0.6147421093,-0.1814296958,0.1809370366,-0.2168931477,0.0516439406,-0.01276359465,-0.4172568879,-0.05340174353,0.2247250129
