280.7937252,0.08945669668,289.9273258,0.5213920654,0.9118192072,280.7937252,0.08945669668,289.9273258,0.5213920654,0.9118192072,0,0,-3.715886698,2.360281193,0.5261671104,-1.431486933,1.606202025,-1.239691247,0.002261218779,0.1522464953,-0.0729605734,0.3487971352,-0.09502002162,-0.2897650155,-0.002233882018,-3.715886698,2.360281193,0.5261671104,-1.431486933,1.606202025,-1.239691247,0.002261218779,0.1522464953,-0.0729605734,0.3487971352,-0.09502002162,-0.2897650155,-0.002233882018
384.3969462,0.03831712825,285.4641929,0.4473183428,0.8815424001,103.6032209,-0.05113956843,-4.463132858,-0.07407372254,-0.03027680707,0.63428197,0,-1.824635006,0.8860483919,-0.08528957171,-0.5798655823,0.6490198033,-0.6517192232,0.1484041222,0.1344356119,-0.1453741093,0.3697381235,-0.4627837376,0.002105723368,-0.1918909401,1.891251692,-1.474232801,-0.6114566821,0.8516213507,-0.9571822215,0.5879720234,0.1461429034,-0.01781088344,-0.07241353594,0.02094098837,-0.367763716,0.2918707389,-0.1896570581
406.3321735,0.03640396472,303.1451167,0.4493283345,0.8768083988,21.93522738,-0.001913163536,17.68092373,0.002009991636,-0.004734001279,0.11610895,1.299472955,-1.886239116,1.087299781,-0.6670579403,0.2416688793,-0.3757357903,0.2133458196,-0.7102523417,0.6588380614,-0.1789893845,0.64217611,-0.2790949761,-0.07714217841,-0.08389117627,-0.06160410965,0.2012513893,-0.5817683686,0.8215344616,-1.024755594,0.8650650428,-0.8586564639,0.5244024495,-0.03361527518,0.2724379865,0.1836887616,-0.07924790178,0.1079997638
382.7364762,0.03447328299,281.1368191,0.3616132502,0.8428541255,-23.59569738,-0.00193068173,-22.00829755,-0.08771508423,-0.03395427335,0.1245564695,1.233400449,-1.206366145,0.07924009009,-0.2869590255,-0.3401753472,0.1220943489,-0.2647295651,-0.1772610276,0.2130928787,0.2303736969,0.1883113554,-0.2089513907,-0.3229243033,0.0006101421608,0.6798729708,-1.008059691,0.3800989148,-0.5818442265,0.4978301392,-0.4780753847,0.5329913141,-0.4457451827,0.4093630814,-0.4538647546,0.07014358538,-0.2457821248,0.08450131843
412.4779871,0.03190670684,299.56055,0.3493388636,0.8393913383,29.74151097,-0.002566576147,18.42373084,-0.01227438666,-0.003462787152,0.1070759628,1.194473353,-0.9337391077,0.0370823202,-0.2743692323,-0.2861121253,0.1438334144,-0.1227833122,-0.2186086811,0.1627583645,0.03050225787,0.173165068,-0.1008533805,-0.271618628,0.02630528796,0.2726270374,-0.04215776989,0.0125897932,0.05406322199,0.02173906554,0.1419462528,-0.04134765344,-0.05033451417,-0.199871439,-0.01514628737,0.1080980102,0.05130567527,0.0256951458
388.293086,0.03948534258,266.9437521,0.4203275607,0.8760379201,-24.18490112,0.007578635742,-32.61679788,0.07098869717,0.03664658179,0.1219369152,1.168488595,-1.800876927,0.08014236075,0.06025789464,-0.9546575135,0.5275530232,-0.7713790806,-0.05505290012,0.1535627262,-0.4398625814,0.4893030035,-0.2631874405,-0.04573977598,-0.05534428351,-0.867137819,0.04306004055,0.3346271269,-0.6685453882,0.3837196087,-0.6485957684,0.163555781,-0.009195638294,-0.4703648393,0.3161379354,-0.16233406,0.225878852,-0.08164957147
397.3331384,0.04270110619,269.9012875,0.4369310052,0.8821205243,9.040052409,0.003215763607,2.957535379,0.0166034445,0.006082604155,0.1099900233,1.198642633,-1.245319729,0.12222729,-0.1358071867,-0.5853127141,0.3721668613,-0.325602449,-0.2194269141,0.2163370362,-0.1125505779,0.439903097,-0.3102762446,-0.1112759678,0.07153358805,0.5555571976,0.04208492923,-0.1960650813,0.3693447993,-0.1553861618,0.4457766316,-0.1643740139,0.06277431002,0.3273120035,-0.04939990651,-0.0470888041,-0.06553619187,0.1268778716
418.4815239,0.04120453634,290.2080169,0.4086463008,0.8697853382,21.14838551,-0.001496569845,20.30672944,-0.02828470443,-0.01233518606,0.1000754657,1.182852879,-1.253115616,-0.06718051433,-0.336017627,-0.6355925652,-0.02252465054,-0.1126099028,-0.2591009259,-0.05404523344,0.06497674786,0.1367792411,-0.1130526047,-0.1478950892,-0.001537870902,-0.007795887119,-0.1894078043,-0.2002104403,-0.05027985105,-0.3946915118,0.2129925462,-0.03967401188,-0.2703822697,0.1775273258,-0.3031238559,0.1972236399,-0.03661912131,-0.07307145895
389.712873,0.03546163792,275.9580326,0.379865335,0.8544601353,-28.76865096,-0.005742898422,-14.24998432,-0.02878096583,-0.01532520292,0.1147762529,1.303951392,-0.7123521877,0.1144335723,-0.3449900569,-0.535023138,0.002672311435,-0.1929390063,-0.05380343709,0.3800575987,0.09412199613,0.1617996864,-0.02000177548,-0.2376400133,0.06810861834,0.5407634285,0.1816140867,-0.008972429944,0.1005694272,0.02519696197,-0.08032910351,0.2052974888,0.4341028322,0.02914524827,0.02502044531,0.09305082925,-0.08974492416,0.06964648924
410.3292845,0.03203124734,291.2738945,0.3537873787,0.8461202457,20.61641153,-0.003430390578,15.3158619,-0.02607795628,-0.008339889558,0.09996846172,1.283013133,-0.8237937354,0.1144769105,-0.02952213098,-0.4650973915,0.01202394942,-0.198106644,-0.08474884864,0.3462400977,0.3072029346,0.1809990412,-0.06512142977,-0.1409467615,0.09554043037,-0.1114415477,4.333817775e-05,0.3154679259,0.06992574645,0.009351637986,-0.005167637707,-0.03094541155,-0.03381750098,0.2130809385,0.01919935488,-0.04511965429,0.09669325185,0.02743181204
385.9543408,0.03493898813,276.010632,0.3519351399,0.8450604528,-24.37494365,0.002907740789,-15.26326245,-0.001852238771,-0.00105979296,0.132915843,1.146216948,-1.029215695,-0.03691339615,-0.1933036205,-0.472805556,0.2229448352,-0.0777578935,-0.141683514,0.1213636662,0.07562694309,0.1012141548,-0.1978106295,-0.1732433462,0.08780706391,-0.2054219595,-0.1513903067,-0.1637814895,-0.007708164495,0.2109208858,0.1203487505,-0.05693466533,-0.2248764316,-0.2315759915,-0.07978488641,-0.1326891998,-0.03229658472,-0.007733366464
396.5191577,0.0305214755,287.0051235,0.3343166711,0.835214606,10.56481683,-0.00441751263,10.99449148,-0.01761846881,-0.009845846746,0.1252064882,1.232648067,-0.8904354315,-0.1022410804,-0.2990755554,-0.385731669,0.1593596766,-0.1279786606,-0.1631606699,0.1069280789,0.1144714674,0.1827648164,-0.02151308641,-0.3089868922,0.005010201857,0.1387802634,-0.06532768428,-0.105771935,0.08707388705,-0.0635851586,-0.05022076709,-0.02147715589,-0.01443558731,0.03884452432,0.08155066157,0.1762975431,-0.1357435461,-0.08279686205
434.3813856,0.02602537039,318.4409845,0.3151726577,0.8248831536,37.86222796,-0.004496105112,31.43586094,-0.01914401346,-0.01033145238,0.1600100506,1.239918495,-0.7222006455,-0.03094595989,-0.3048298636,-0.4647468275,0.06561348026,-0.1356772087,-0.2588609423,0.07911228612,0.1493048641,0.3363750593,-0.08477917127,-0.2024990776,0.06986476391,0.168234786,0.07129512054,-0.005754308221,-0.07901515849,-0.09374619634,-0.007698548089,-0.09570027243,-0.02781579276,0.0348333967,0.1536102429,-0.06326608486,0.1064878146,0.06485456205
398.2696308,0.03174929028,288.5374116,0.3551288526,0.8416285003,-36.11175486,0.005723919887,-29.90357286,0.03995619492,0.01674534671,0.1447091607,1.106881814,-0.9420390327,-0.1801299911,-0.2842409938,-0.5399459702,0.1044675844,-0.2073361778,-0.1544864,0.197992892,0.2158912106,0.174306079,-0.2124924309,-0.2389803419,0.04060228929,-0.2198383873,-0.1491840312,0.02058886988,-0.07519914276,0.03885410412,-0.07165896913,0.1043745423,0.1188806059,0.06658634651,-0.1620689803,-0.1277132596,-0.03648126423,-0.02926247462
186.5516417,0.03755787617,172.7417447,0.4084415077,0.8254863752,-211.7179891,0.005808585894,-115.7956669,0.05331265513,-0.01614212509,2.185570954,1.86116851,-0.193348589,0.6578185677,0.4849136945,0.03421095295,0.2274963575,-0.01683220649,-0.1438085818,0.1871455346,0.09787100679,0.4081145377,0.004713889413,0.03099217665,0.1973222416,0.7486904437,0.8379485588,0.7691546883,0.5741569232,0.1230287731,0.1905039713,0.01067781818,-0.01084735737,-0.1180202038,0.2338084587,0.2172063203,0.2699725185,0.1567199523
257.2767994,0.03797861799,155.4423199,0.1356349491,0.78371525,70.72515772,0.0004207418172,-17.29942472,-0.2728065586,-0.04177112529,11.50789399,2.201641973,3.631779245,0.2243572231,-1.452525355,-0.2699539122,1.008203434,-0.5269488319,-0.5703697615,-0.02770628494,-0.4945043113,0.2666930072,-0.6882705568,-0.3884393871,0.02621488708,3.825127834,-0.4334613446,-1.93743905,-0.3041648652,0.7807070765,-0.5101166254,-0.4265611797,-0.2148518196,-0.5923753181,-0.1414215305,-0.6929844462,-0.4194315638,-0.1711073545
335.6536373,0.03753676679,219.7710921,0.1251269176,0.7788118185,78.37683785,-0.0004418511997,64.32877213,-0.01050803151,-0.004903431497,8.82688651,1.629105444,3.282131425,-1.63086324,-0.2569879086,-0.7931486475,-1.922061812,-1.011791893,-0.3261630903,0.3640973948,-0.5984659112,-0.08373983505,-0.07468582182,-0.04232284557,-0.2907396105,-0.3496478197,-1.855220463,1.195537447,-0.5231947353,-2.930265246,-0.4848430613,0.2442066712,0.3918036798,-0.1039615999,-0.3504328422,0.613584735,0.3461165416,-0.3169544976
306.2609033,0.03355162031,197.2821771,0.1728561525,0.7722463887,-29.392734,-0.00398514648,-22.48891499,0.04772923487,-0.006565429731,7.406629246,1.048114963,2.350777905,-0.4705654764,-0.4938714698,-1.470303336,-2.310323125,-0.6087854261,-0.3025677299,0.537406279,-0.6644417944,0.3597287937,0.2312902478,-0.2871468956,-0.01259829506,-0.9313535202,1.160297764,-0.2368835611,-0.6771546887,-0.3882613125,0.4030064671,0.0235953604,0.1733088842,-0.06597588319,0.4434686288,0.3059760697,-0.2448240501,0.2781413154
318.8748596,0.02816603,208.6054811,0.189065067,0.7684448012,12.61395637,-0.005385590315,11.323304,0.01620891456,-0.00380158751,7.374341301,1.228422354,1.275058029,-0.1421352624,-0.439242006,-1.459565249,-2.393751684,-0.5789199465,-0.1326608567,0.5073042287,-0.8357672577,0.4542335441,0.3543529035,-0.2193494891,0.3129703181,-1.075719876,0.328430214,0.05462946374,0.0107380872,-0.08342855889,0.02986547959,0.1699068732,-0.03010205023,-0.1713254633,0.0945047504,0.1230626557,0.06779740655,0.3255686132
298.0387559,0.03163825763,182.9379477,0.2135497505,0.797228655,-20.83610377,0.003472227633,-25.66753334,0.02448468345,0.02878385383,6.197867342,1.23097907,1.536070458,-1.516643651,-0.4957578138,-0.9215541222,-1.579870396,-0.4495246493,-0.6675290272,-0.01793935853,-1.464707329,0.5972338608,0.6614044654,0.04041914623,-0.1242109131,0.2610124287,-1.374508388,-0.05651580776,0.5380111268,0.8138812879,0.1293952972,-0.5348681705,-0.5252435873,-0.6289400711,0.1430003168,0.3070515619,0.2597686353,-0.4371812312
260.6132277,0.03104709677,153.4855841,0.2402378235,0.812853177,-37.42552817,-0.0005911608539,-29.45236367,0.02668807303,0.01562452196,5.7446429,1.328476966,2.389794889,-2.281217087,0.7328319662,0.6011436835,-0.4444061562,-0.7968366559,-0.8633817405,-0.1136486102,-0.9692664466,0.5286238581,0.04871520518,-0.04411834834,-0.327478393,0.8537244309,-0.7645734367,1.22858978,1.522697806,1.13546424,-0.3473120066,-0.1958527133,-0.09570925164,0.4954408822,-0.06861000277,-0.6126892602,-0.08453749456,-0.20326748
398.7161111,0.0452959305,258.4608329,0.2560375314,0.8425667103,138.1028833,0.01424883373,104.9752488,0.01579970786,0.0297135333,4.08607744,1.609046055,1.954243128,-2.672292195,-0.2495411438,1.647072139,0.0978429388,-1.11601997,-0.6935091911,0.3923079519,-0.1473141438,0.3782171592,-0.3623174118,0.01389460627,0.2937303963,-0.4355517608,-0.3910751074,-0.98237311,1.045928455,0.542249095,-0.3191833145,0.1698725494,0.505956562,0.8219523028,-0.1504066989,-0.411032617,0.05801295461,0.6212087894
329.0695299,0.04971193254,172.1836559,0.166682725,0.8335946058,-69.64658113,0.004416002038,-86.27717706,-0.08935480633,-0.008972104494,0.8472016479,1.419776075,1.291943118,-1.976641186,-0.01502673468,1.68018456,0.6089596126,-0.8766872037,-0.8097721082,-0.1113754124,-0.318242827,0.3270128179,-0.1065913959,-0.04841825537,0.03919955406,-0.6623000102,0.695651009,0.2345144091,0.03311242126,0.5111166738,0.2393327667,-0.1162629171,-0.5036833643,-0.1709286831,-0.05120434136,0.2557260159,-0.06231286165,-0.2545308423
