245.5908261,0.02281342288,199.7985558,0.1564175978,0.7178362772,245.5908261,0.02281342288,199.7985558,0.1564175978,0.7178362772,0,0,-0.1360808442,0.5072846161,0.3665586837,0.1481575574,0.4355675645,-0.03563236563,0.09866368767,0.2750528958,0.5799154956,0.5038788951,0.055495556,-0.07576009201,0.05120300295,-0.1360808442,0.5072846161,0.3665586837,0.1481575574,0.4355675645,-0.03563236563,0.09866368767,0.2750528958,0.5799154956,0.5038788951,0.055495556,-0.07576009201,0.05120300295
265.0196894,0.02499551964,193.4357631,0.1566477424,0.7450260502,19.42886325,0.002182096763,-6.36279269,0.0002301446551,0.02718977297,2.884969829,0,1.818642948,0.9616125084,-0.0284425017,-0.3379869366,0.3490676088,0.192875029,0.4444795893,0.7788270372,0.5170473059,0.472010467,0.05190763356,-0.05520822604,-0.03197551426,1.954723792,0.4543278923,-0.3950011854,-0.486144494,-0.08649995566,0.2285073946,0.3458159016,0.5037741414,-0.06286818963,-0.03186842816,-0.003587922439,0.02055186597,-0.08317851721
265.6857723,0.03629137947,144.1266027,0.1451290937,0.7983086427,0.6660829018,0.01129585983,-49.30916045,-0.01151864874,0.05328259254,7.447236595,1.552818513,3.736761702,-2.125891979,-0.6789854711,0.7938390099,1.17051074,-1.183778401,-0.4514658102,-0.9048099812,-0.3713807492,-0.5632215258,0.2079840952,0.6137546662,-0.5048339879,1.918118754,-3.087504488,-0.6505429694,1.131825947,0.8214431309,-1.37665343,-0.8959453995,-1.683637018,-0.8884280552,-1.035231993,0.1560764617,0.6689628923,-0.4728584737
319.3512936,0.03671394787,182.6445863,0.1511557459,0.806693006,53.66552133,0.0004225684009,38.51798367,0.006026652212,0.0083843633,5.604911102,1.375275495,1.236722779,-2.142604011,-1.299971368,-0.4736581193,-0.07204584507,-1.925472119,0.1234352467,-0.7006953628,-0.1171383142,0.03942384232,0.717355113,0.191579428,-0.6266504638,-2.500038923,-0.01671203186,-0.6209858972,-1.267497129,-1.242556585,-0.7416937177,0.5749010569,0.2041146184,0.254242435,0.6026453682,0.5093710178,-0.4221752383,-0.1218164758
299.0924219,0.03314873806,175.0630584,0.1587770484,0.7963666729,-20.25887173,-0.003565209815,-7.58152794,0.007621302488,-0.01032633315,6.247287935,1.06992386,2.419362444,-1.639533578,-1.265732197,-1.24389749,-0.3746294305,-1.18363407,-0.07436434125,-0.9042281051,-0.6055731091,-0.6118942678,1.127948974,-0.06635462295,-0.1132004434,1.182639665,0.5030704335,0.03423917131,-0.7702393705,-0.3025835854,0.7418380483,-0.1977995879,-0.2035327423,-0.488434795,-0.6513181101,0.4105938613,-0.2579340509,0.5134500203
278.132233,0.03105359935,173.9884107,0.1294198253,0.7661561881,-20.96018885,-0.002095138709,-1.074647675,-0.02935722303,-0.03021048473,5.361647774,1.032814758,2.375673902,0.2162077683,0.2921621926,-1.360941607,-0.6848735352,-0.3657373992,-0.2701678735,-0.5713610309,-0.8822991087,-0.6849708523,0.4337014663,-0.4452626362,0.07810327333,-0.04368854103,1.855741346,1.55789439,-0.1170441174,-0.3102441048,0.8178966711,-0.1958035322,0.3328670742,-0.2767259996,-0.0730765845,-0.694247508,-0.3789080132,0.1913037168
345.1235299,0.03211766832,252.2281421,0.197913789,0.7861081029,66.99129685,0.001064068971,78.23973139,0.06849396367,0.01995191482,8.813846409,1.349117313,2.670938252,0.1823553263,0.3800204225,-0.6930847033,-0.05203419005,-0.1306429656,-0.07805486819,0.1334130101,-0.5391740195,-0.4042820217,0.4152303215,-0.2135636913,-0.3898413192,0.2952643496,-0.03385244202,0.08785822995,0.6678569039,0.6328393452,0.2350944336,0.1921130053,0.7047740411,0.3431250892,0.2806888306,-0.01847114474,0.2316989448,-0.4679445926
362.1908395,0.03306157388,268.0223838,0.2569588422,0.8110064901,17.06730964,0.0009439055551,15.79424167,0.05904505315,0.02489838712,2.205682122,1.603142263,1.136751721,0.04378953032,-0.06328875078,-0.3869656525,-0.2296719944,-0.3862685431,-0.3811307622,-0.04470573413,-0.01293077229,-0.06212105316,-0.004647651254,-0.04287225419,0.03477511409,-1.534186531,-0.138565796,-0.4433091733,0.3061190508,-0.1776378043,-0.2556255775,-0.303075894,-0.1781187443,0.5262432472,0.3421609685,-0.4198779728,0.1706914371,0.4246164333
242.8058315,0.07988065307,266.9272856,0.6917250728,0.9516353184,-119.3850079,0.04681907919,-1.095098146,0.4347662307,0.1406288283,3.284628577,1.799477496,-6.142968287,-1.897274188,0.8608642733,0.7045052436,0.0804219753,-0.2277545144,-0.5974898926,-0.1925793389,0.3453566101,-0.4679651108,-0.01812067653,-0.1995703606,-0.08657435168,-7.279720008,-1.941063718,0.9241530241,1.091470896,0.3100939697,0.1585140287,-0.2163591304,-0.1478736048,0.3582873824,-0.4058440577,-0.01347302527,-0.1566981064,-0.1213494658
334.7713615,0.06844685467,218.3021742,0.6710946931,0.9483686246,91.96552999,-0.01143379839,-48.6251114,-0.02063037971,-0.00326669375,0.9901177002,1.599838256,-5.836573916,-1.503630301,1.434467412,1.385688819,0.03465758861,-0.7049580082,-0.9094179327,-0.3253807313,0.09287619757,-0.1154103597,-0.2351294175,-0.6560262175,-0.2374775708,0.3063943711,0.3936438867,0.573603139,0.6811835752,-0.04576438669,-0.4772034939,-0.3119280401,-0.1328013924,-0.2524804125,0.3525547511,-0.217008741,-0.4564558568,-0.1509032191
369.981069,0.05910941522,191.0432069,0.5935820425,0.9279791365,35.20970747,-0.009337439455,-27.25896732,-0.07751265062,-0.02038948808,2.603831843,1.072964694,-3.891592853,-1.942626546,0.4561859088,1.225036948,0.5884173215,-0.237366044,-0.70543857,-0.48648298,-0.04382614357,-0.1601560654,-0.322798773,-0.6481081447,-0.4457148827,1.944981063,-0.4389962453,-0.9782815035,-0.1606518706,0.5537597329,0.4675919643,0.2039793627,-0.1611022487,-0.1367023411,-0.04474570565,-0.08766935552,0.007918072705,-0.2082373119
325.4779038,0.05604838822,174.06224,0.5124125299,0.9109654347,-44.50316522,-0.003061027,-16.98096695,-0.08116951263,-0.01701370185,1.125072504,1.396024937,-2.563067866,-1.774438696,0.05599286461,0.5547297,0.2047003527,-0.4875313633,-0.920006737,-0.5625595406,0.03158500233,-0.07497675847,-0.1823498704,-0.6803742983,-0.1930411804,1.328524987,0.1681878504,-0.4001930442,-0.6703072481,-0.3837169689,-0.2501653193,-0.214568167,-0.07607656055,0.0754111459,0.08517930691,0.1404489026,-0.03226615354,0.2526737022
