288.3136124,0.07500185077,171.9940954,0.5323918383,0.9276079354,288.3136124,0.07500185077,171.9940954,0.5323918383,0.9276079354,0,0,-4.94740935,-2.61094999,2.276313246,1.087852455,-0.01270659052,-0.8000120995,-0.1276331495,-0.8900219848,0.4777186737,0.1273506751,0.2028131225,-0.2621658452,-0.2034952721,-4.94740935,-2.61094999,2.276313246,1.087852455,-0.01270659052,-0.8000120995,-0.1276331495,-0.8900219848,0.4777186737,0.1273506751,0.2028131225,-0.2621658452,-0.2034952721
224.384254,0.03327309283,199.6028642,0.4182294933,0.8642123876,-63.92935844,-0.04172875793,27.60876877,-0.1141623451,-0.06339554773,12.4004808,0,-5.84144431,-0.12177562,2.972243916,0.4104006665,0.4440387213,0.2084376911,0.1520501138,-0.3027856869,0.1648014244,-0.4118081042,0.218910267,-0.3583957555,-0.07748563331,-0.8940349601,2.48917437,0.6959306698,-0.6774517886,0.4567453119,1.008449791,0.2796832633,0.5872362979,-0.3129172494,-0.5391587793,0.0160971445,-0.09622991032,0.1260096388
304.5181853,0.0221766086,201.6794458,0.3114971368,0.8120182026,80.13393135,-0.01109648423,2.076581578,-0.1067323565,-0.05219418505,11.64885672,1.388122239,-4.043741333,-0.4373634554,4.533654964,0.7784952086,0.04224222131,0.004273140347,0.1729431853,0.2134564984,-0.4057524323,0.1757071709,-0.1324598062,-0.2924498107,-0.02695417714,1.797702977,-0.3155878354,1.561411048,0.3680945421,-0.4017965,-0.2041645508,0.02089307149,0.5162421853,-0.5705538566,0.5875152751,-0.3513700732,0.06594594479,0.05053145617
367.136956,0.01630007958,214.8424149,0.2976952002,0.8069743602,62.61877071,-0.005876529022,13.16296916,-0.01380193661,-0.005043842395,12.68409042,1.297917187,-4.113259526,-0.08133104672,4.663936429,0.3605822999,0.1581787085,0.02174223587,0.2601149193,0.309460908,-0.2807252142,0.4434254479,0.0428823257,-0.3496204192,-0.0378795009,-0.06951819294,0.3560324087,0.1302814651,-0.4179129087,0.1159364872,0.01746909552,0.08717173398,0.0960044096,0.1250272181,0.267718277,0.175342132,-0.05717060849,-0.01092532376
259.2509086,0.02382775877,204.6397318,0.3126923517,0.8028193637,-107.8860474,0.007527679194,-10.20268315,0.01499715152,-0.004154996542,14.78113768,1.331841323,-3.899756468,0.429146584,4.671490547,-0.1938376212,-0.2035243711,-0.1985986796,0.2417925784,0.2370235303,0.09660937635,0.7675592715,0.4967339194,-0.001694775461,0.284511423,0.2135030581,0.5104776307,0.007554117396,-0.5544199211,-0.3617030796,-0.2203409154,-0.01832234086,-0.07243737768,0.3773345905,0.3241338236,0.4538515937,0.3479256438,0.3223909239
286.6201761,0.01883515984,211.8840608,0.2383831413,0.7682268197,27.36926751,-0.004992598936,7.244329021,-0.07430921038,-0.03459254395,9.714007534,1.513732056,-3.074997484,0.6996943387,4.548449487,-0.1240272848,-0.1741685646,-0.0457641402,0.206906559,-0.2125449174,0.01736461183,0.8503698431,0.587746937,-0.2952464233,0.2871019553,0.8247589839,0.2705477547,-0.1230410594,0.06981033634,0.02935580643,0.1528345394,-0.03488601943,-0.4495684477,-0.07924476452,0.08281057161,0.09101301757,-0.2935516479,0.002590532359
296.9226911,0.02113972542,227.9957447,0.2947747868,0.7921347476,10.30251502,0.002304565579,16.11168393,0.05639164548,0.02390792788,8.220051802,1.176961604,-3.253780088,0.9180600677,4.599178234,-0.6299921098,0.3027861411,-0.2760952338,0.237610013,-0.5418167703,-0.2282388308,0.6201325893,0.277798253,-0.6594561381,0.3967040213,-0.1787826042,0.218365729,0.05072874673,-0.505964825,0.4769547057,-0.2303310936,0.030703454,-0.3292718528,-0.2456034426,-0.2302372538,-0.309948684,-0.3642097148,0.109602066
385.7949833,0.02119205751,276.7646539,0.3457121985,0.7991495872,88.87229213,5.23320893e-05,48.76890923,0.05093741167,0.007014839625,6.772864802,1.377365768,-3.138401792,1.134494254,3.979796795,-0.3965447616,0.4549141264,0.07087778793,-0.00643297085,-0.8205008261,-0.003464882252,0.6793750352,0.1764231973,-0.659145125,0.5315860788,0.115378296,0.2164341866,-0.6193814392,0.2334473483,0.1521279853,0.3469730217,-0.2440429838,-0.2786840558,0.2247739485,0.05924244586,-0.1013750557,0.0003110131012,0.1348820575
288.912255,0.01428524291,235.2537631,0.182334384,0.7082358823,-96.88272824,-0.006906814598,-41.51089079,-0.1633778145,-0.09091370491,4.915632595,1.231329284,-2.301541764,0.669354929,2.730668859,-0.2297998995,0.7016157168,0.2671918905,-0.1758129205,-0.2808847899,0.1771499979,0.675774238,-0.1185275612,-0.5147374771,0.2816245032,0.8368600276,-0.4651393252,-1.249127936,0.1667448621,0.2467015904,0.1963141025,-0.1693799497,0.5396160362,0.1806148802,-0.003600797241,-0.2949507585,0.1444076479,-0.2499615756
261.2411658,0.01643117285,227.1143093,0.3487096128,0.7599771926,-27.6710892,0.002145929941,-8.139453893,0.1663752288,0.05174131032,4.253288961,1.138451899,-2.369818664,-0.3973721103,0.987303764,-0.2793463689,0.3526065462,0.3160132422,-0.1575720646,-0.04720803399,0.641896324,0.5721500705,-0.4694563069,0.1642381966,0.1434151003,-0.06827689934,-1.066727039,-1.743365095,-0.04954646934,-0.3490091706,0.04882135172,0.01824085596,0.2336767559,0.464746326,-0.1036241674,-0.3509287457,0.6789756737,-0.1382094029
