317.0804592,0.05648444108,441.238663,0.5523186129,0.9191706703,317.0804592,0.05648444108,441.238663,0.5523186129,0.9191706703,0,0,-8.058991435,0.6301430477,-0.07871449192,-0.01921437764,-0.4841918442,-0.03486529237,-0.3112326916,0.05932036715,-0.1927336473,0.694076419,-0.00839700073,-0.3828768955,0.3684025246,-8.058991435,0.6301430477,-0.07871449192,-0.01921437764,-0.4841918442,-0.03486529237,-0.3112326916,0.05932036715,-0.1927336473,0.694076419,-0.00839700073,-0.3828768955,0.3684025246
381.509231,0.05481839642,411.7494297,0.5164943177,0.9115457897,64.42877181,-0.001666044653,-29.4892333,-0.03582429526,-0.007624880602,1.962160427,0,-7.460722061,0.8423298892,-0.7320589378,0.3742169317,-0.1283399148,-0.5751185256,-0.79129132,0.1413774983,0.04446779502,0.1913192159,-0.4499979019,-0.2990627346,0.3482826626,0.5982693742,0.2121868415,-0.6533444459,0.3934313093,0.3558519294,-0.5402532332,-0.4800586284,0.08205713116,0.2372014423,-0.5027572031,-0.4416009011,0.08381416099,-0.020119862
237.9700012,0.05881554915,345.303664,0.5432440477,0.908622299,-143.5392298,0.00399715273,-66.44576574,0.02674972999,-0.002923490758,5.075249676,0.9757832065,-6.905517382,1.874047981,-0.2226019529,0.7174901752,0.1365372849,-0.1792336617,-0.7070388892,-0.01555764728,-0.1017902389,0.2078301815,-0.3561131524,-0.4989241619,0.1056605202,0.5552046789,1.031718091,0.509456985,0.3432732435,0.2648771998,0.3958848639,0.08425243081,-0.1569351456,-0.1462580339,0.01651096559,0.09388474943,-0.1998614273,-0.2426221425
291.6839399,0.03212799917,232.2389209,0.4430842862,0.8556756089,53.71393873,-0.02668754998,-113.0647431,-0.1001597614,-0.05294669008,7.553988696,1.402675781,-0.6873032625,-0.5719919666,0.9912114828,1.450021266,0.6155234185,0.1733064727,-1.761410806,-0.8220149426,-0.3938319001,0.1171083091,-0.2833086011,-1.047559597,-0.07234457893,6.21821412,-2.446039947,1.213813436,0.7325310907,0.4789861336,0.3525401344,-1.054371917,-0.8064572953,-0.2920416612,-0.09072187234,0.07280455133,-0.5486354352,-0.1780050991
261.7478044,0.03168337081,168.389685,0.2354896254,0.8040462358,-29.93613553,-0.0004446283637,-63.84923587,-0.2075946608,-0.05162937308,4.923704055,1.15889025,0.01488365265,-2.256118034,1.118958558,-0.0544799514,0.9849591879,0.1142738007,-1.737806696,-0.8845690596,-0.5163174549,0.05272879597,-0.1064745342,-0.5600943765,-0.4525891194,0.7021869152,-1.684126067,0.1277470757,-1.504501217,0.3694357694,-0.05903267197,0.02360411032,-0.06255411704,-0.1224855549,-0.06437951315,0.1768340669,0.4874652206,-0.3802445404
307.4731501,0.01873089989,213.3166071,0.2861452289,0.7958393648,45.7253457,-0.01295247092,44.92692203,0.05065560344,-0.008206871037,8.082369231,1.36822754,0.7351927693,-1.741043247,1.352580575,0.4506359292,1.070947319,0.2715589372,-1.032640049,-0.3498585183,-0.2730589769,0.1789844092,0.4115854982,-0.1472969318,-0.3198317357,0.7203091166,0.5150747868,0.2336220164,0.5051158806,0.085988131,0.1572851365,0.7051666474,0.5347105413,0.243258478,0.1262556132,0.5180600324,0.4127974447,0.1327573837
308.8861031,0.0197607861,210.0143786,0.2275920614,0.7802674501,1.412953066,0.001029886209,-3.302228426,-0.05855316746,-0.01557191465,5.232430197,1.36668063,-1.443444763,-2.625630237,4.224062221,0.5916910221,1.164925027,-0.6044769468,-0.5392011351,-0.3102724819,0.04645579946,0.5224186643,-0.05798772275,0.1800421166,-0.5642771642,-2.178637532,-0.8845869895,2.871481646,0.141055093,0.09397770769,-0.876035884,0.4934389136,0.03958603649,0.3195147764,0.3434342551,-0.469573221,0.3273390484,-0.2444454285
325.8048457,0.02233526607,216.92414,0.2762673962,0.801766248,16.9187426,0.002574479968,6.909761333,0.0486753348,0.02149879782,3.266941599,1.278451881,-2.666246844,-1.229518665,4.889382,-0.1175404679,0.3247187607,-1.017011311,0.4954310874,-0.4608907524,-0.3002115858,0.5222683668,0.02246500542,0.02862640799,-0.6049366897,-1.222802081,1.396111572,0.6653197785,-0.70923149,-0.8402062659,-0.4125343641,1.034632222,-0.1506182706,-0.3466673853,-0.0001502975332,0.08045272817,-0.1514157086,-0.04065952551
278.3754147,0.02397871556,199.713796,0.3134089695,0.8207132728,-47.42943103,0.001643449488,-17.21034392,0.03714157326,0.01894702482,2.967632594,1.26463332,-3.140659176,-1.251348442,3.861505728,-0.5583791988,-0.2631883848,-0.9608351101,0.733647754,-0.3779711355,-0.522714558,0.7002744174,0.1400733563,-0.03254420676,-0.5376089207,-0.4744123314,-0.02182977691,-1.027876272,-0.4408387309,-0.5879071454,0.05617620081,0.2382166667,0.0829196169,-0.2225029721,0.1780060506,0.1176083509,-0.06117061476,0.06732776902
289.302289,0.03425396589,191.9047772,0.3589173904,0.8481493025,10.92687436,0.01027525034,-7.809018821,0.04550842093,0.02743602968,1.704110751,1.343116662,-2.710494839,-1.545618956,2.298230973,-0.2112260418,-0.6341502081,-0.4524927794,0.5178984369,0.1300857103,-0.2259837054,0.4416055128,0.4281471707,-0.2816407071,-0.456873397,0.4301643364,-0.2942705141,-1.563274755,0.347153157,-0.3709618234,0.5083423307,-0.2157493171,0.5080568459,0.2967308526,-0.2586689046,0.2880738144,-0.2490965003,0.08073552365
