274.0605578,0.03552055279,164.6904919,0.3320139204,0.8480520408,274.0605578,0.03552055279,164.6904919,0.3320139204,0.8480520408,0,0,-0.7745651925,-1.074552438,1.360071716,1.027333309,-0.2887144697,-1.118302816,-0.6235018911,-0.3013692415,-0.4238336514,0.3280945043,-0.8638132372,-0.2736177257,0.4354757978,-0.7745651925,-1.074552438,1.360071716,1.027333309,-0.2887144697,-1.118302816,-0.6235018911,-0.3013692415,-0.4238336514,0.3280945043,-0.8638132372,-0.2736177257,0.4354757978
393.8521822,0.02909105596,211.7189268,0.274969571,0.8397943417,119.7916244,-0.00642949683,47.02843488,-0.05704434937,-0.008257699117,6.913529684,0,-1.352394873,-2.286899029,0.870339132,0.03862154306,-1.207594498,-0.8621780668,-0.8282113521,0.1871757551,-0.3502072169,0.4494429377,-0.1087356413,-0.2203232695,0.7015863048,-0.5778296805,-1.212346591,-0.489732584,-0.9887117661,-0.9188800282,0.2561247492,-0.204709461,0.4885449966,0.07362643448,0.1213484334,0.7550775959,0.05329445614,0.266110507
292.5423687,0.03578857814,150.8895872,0.2573800536,0.8303876784,-101.3098135,0.006697522184,-60.82933955,-0.01758951743,-0.009406663216,6.99038013,1.137056525,-1.16315758,-2.990610816,0.5938670994,-0.1168755967,-0.9705010787,-0.6675926445,-0.7762422226,0.5011569276,-0.07546360915,0.3673979774,0.0585269132,-0.2928078545,1.132643148,0.1892372929,-0.7037117873,-0.2764720326,-0.1554971397,0.2370934192,0.1945854223,0.05196912949,0.3139811725,0.2747436078,-0.08204496026,0.1672625545,-0.07248458499,0.4310568428
431.2930565,0.02272415726,254.4433661,0.2631145724,0.8087672531,138.7506879,-0.01306442089,103.5537788,0.005734518788,-0.02162042532,7.038144778,1.373268984,0.516113593,-2.260407375,0.7345365152,0.2073276778,-0.156448889,-0.1260239902,-0.7591343988,0.5903069965,-0.4205808201,0.5556685412,-0.0167212101,-0.8061236247,0.8422027596,1.679271173,0.7302034404,0.1406694158,0.3242032745,0.8140521898,0.5415686543,0.01710782387,0.08915006887,-0.345117211,0.1882705638,-0.0752481233,-0.5133157701,-0.290440388
245.0726199,0.01834252144,173.7376842,0.2227764131,0.7617006822,-186.2204367,-0.004381635819,-80.70568185,-0.04033815924,-0.0470665709,7.984484433,1.350758507,0.9032572362,-1.590208324,1.779417339,1.179279896,0.352399935,-0.05153387693,-0.1190933057,0.2866994207,-1.032727324,1.029189975,0.151336523,-0.4850397465,0.345590686,0.3871436433,0.6701990515,1.044880823,0.9719522184,0.5088488239,0.07449011328,0.6400410931,-0.3036075757,-0.6121465042,0.4735214341,0.1680577331,0.3210838781,-0.4966120736
279.8512182,0.02517601096,184.8372491,0.2964438027,0.8185732743,34.77859833,0.006833489526,11.09956491,0.07366738952,0.0568725921,4.975952654,1.49058284,-1.839160645,-1.723046667,3.281243356,1.273788759,0.3366313841,0.154310079,0.330589305,-0.6453019101,-1.015375035,1.081748471,-0.005814808101,-0.5114995254,0.2438836405,-2.742417881,-0.1328383432,1.501826017,0.09450886248,-0.01576855085,0.2058439559,0.4496826107,-0.9320013308,0.01735228899,0.05255849569,-0.1571513311,-0.0264597789,-0.1017070455
328.8958589,0.03011225028,186.0287768,0.2845635956,0.8276686941,49.04464071,0.004936239315,1.191527655,-0.01188020706,0.009095419829,4.600602787,1.211950875,-3.152419328,0.5675318241,4.755913706,0.4497940456,-0.6139116721,0.04349091035,0.01100462603,-0.5064280772,-0.6898084096,1.040546302,-0.219017641,-0.3586240138,0.1739252077,-1.313258683,2.290578491,1.47467035,-0.8239947132,-0.9505430562,-0.1108191687,-0.3195846789,0.1388738329,0.3255666257,-0.04120216928,-0.2132028329,0.1528755116,-0.06995843283
346.6105558,0.02931047288,242.9225006,0.293642011,0.8148477941,17.71469688,-0.0008017773979,56.89372387,0.009078415405,-0.01282090007,3.563100549,1.291569819,-3.511447333,1.688433912,4.248507006,-0.07432700829,-0.1831730437,0.3655495793,0.09290078904,-0.760134835,-0.005951639061,0.7324751795,-0.553222318,-0.5432162942,0.2803956201,-0.3590280045,1.120902088,-0.5074067005,-0.5241210539,0.4307386284,0.3220586689,0.08189616301,-0.2537067578,0.6838567705,-0.3080711222,-0.3342046769,-0.1845922804,0.1064704124
281.1865281,0.01584917075,227.5162959,0.2531471655,0.7558883281,-65.42402771,-0.01346130213,-15.40620474,-0.04049484545,-0.05895946601,2.000009131,1.391958278,-2.152186757,0.6233194252,2.628240092,-0.07308999334,0.4173613416,0.8427785594,0.003892192027,-0.4945469946,0.732560497,0.7186785887,-0.5339282607,-0.09819897777,0.1505925684,1.359260575,-1.065114487,-1.620266913,0.001237014949,0.6005343853,0.4772289801,-0.08900859701,0.2655878405,0.7385121361,-0.01379659087,0.01929405729,0.4450173164,-0.1298030517
222.8440372,0.02022613408,207.5753492,0.4293362061,0.7986900415,-58.34249091,0.004376963326,-19.94094666,0.1761890405,0.04280171339,1.434919423,1.501880208,-2.161189951,-0.2075132642,0.7455084924,-0.4326561444,0.1992306606,0.3180274206,-0.2756669715,-0.1307636735,0.7813874201,0.5105214602,-0.3025008629,0.1761557838,0.01542746538,-0.009003193559,-0.8308326894,-1.8827316,-0.3595661511,-0.218130681,-0.5247511387,-0.2795591635,0.363783321,0.0488269231,-0.2081571285,0.2314273978,0.2743547616,-0.135165103
