251.8017785,0.01986902519,211.6258429,0.3179294279,0.8053712671,251.8017785,0.01986902519,211.6258429,0.3179294279,0.8053712671,0,0,-3.864244005,-0.5232390738,4.046164392,-0.07228121603,-0.5431611274,-0.188223253,-0.09775460665,1.163662514,-1.093743505,0.2323992736,0.03123549712,0.4615560614,-0.6424910694,-3.864244005,-0.5232390738,4.046164392,-0.07228121603,-0.5431611274,-0.188223253,-0.09775460665,1.163662514,-1.093743505,0.2323992736,0.03123549712,0.4615560614,-0.6424910694
347.3168971,0.01283797727,240.4680618,0.3884076787,0.8063109661,95.51511854,-0.007031047912,28.84221891,0.0704782508,0.0009396990137,3.728852347,0,-4.318988093,0.09650863061,3.413948166,0.7850421268,-1.207744788,-0.2144711713,0.2975389839,0.5796577112,-0.5372393483,-0.4052377261,0.3446440104,0.02346136784,-0.4308067546,-0.4547440885,0.6197477044,-0.6322162259,0.8573233428,-0.664583661,-0.0262479183,0.3952935905,-0.5840048028,0.5565041565,-0.6376369997,0.3134085133,-0.4380946935,0.2116843148
423.7250366,0.01072881877,289.8780964,0.4232727728,0.8099774672,76.40813954,-0.002109158509,49.41003461,0.03486509416,0.003666501058,2.682579011,0.8915879521,-5.070884938,0.6874362521,2.877698724,1.149496954,-0.9421572643,-0.3388930126,0.9089816282,0.04782737249,-0.006227754933,-0.2526621392,0.498305901,-0.08502077376,-0.2173611002,-0.7518968446,0.5909276215,-0.5362494421,0.3644548276,0.2655875241,-0.1244218413,0.6114426443,-0.5318303387,0.5310115934,0.1525755868,0.1536618906,-0.1084821416,0.2134456544
348.8920683,0.01952848242,249.5877939,0.4363294723,0.8455285757,-74.83296827,0.008799663658,-40.2903025,0.01305669947,0.03555110847,3.376700453,1.42338486,-4.748165759,0.5487637306,1.204279423,0.1984741542,-0.931108615,-0.2452323698,0.9176568825,-0.3275478147,0.1173249961,0.214815507,0.4092516797,-0.1691682798,-0.1338858979,0.3227191783,-0.1386725215,-1.673419301,-0.9510228002,0.01104864929,0.09366064275,0.008675254267,-0.3753751872,0.123552751,0.4674776463,-0.08905422134,-0.08414750609,0.08347520224
255.6831519,0.03598308386,170.5439936,0.2956159874,0.8255749976,-93.20891643,0.01645460144,-79.04380035,-0.1407134849,-0.01995357804,12.20570584,1.545479688,-2.219475975,-0.674810738,3.075771627,2.407756624,-0.391905281,-1.161078579,0.178619515,0.4757096047,0.04149327477,-0.147659343,-0.06159966065,-0.1058187472,0.04602022988,2.528689784,-1.223574469,1.871492204,2.20928247,0.539203334,-0.9158462087,-0.7390373674,0.8032574194,-0.07583172132,-0.3624748501,-0.4708513403,0.06334953264,0.1799061278
305.340519,0.03714502156,192.3296048,0.2461923881,0.8191777739,49.65736713,0.0011619377,21.78561126,-0.0494235993,-0.006397223714,7.830124192,1.406796433,0.4533644888,-0.9304438671,1.438675165,0.8884973661,0.09016292395,-1.229011752,-0.7619242683,-0.5639237202,-0.612765648,-0.05169774968,-0.1894309289,-0.7520640598,-0.04971317469,2.672840464,-0.2556331292,-1.637096462,-1.519259258,0.4820682049,-0.06793317384,-0.9405437834,-1.039633325,-0.6542589228,0.09596159332,-0.1278312683,-0.6462453126,-0.09573340457
327.6669879,0.03427309927,220.6239369,0.229977666,0.8104211373,22.32646893,-0.002871922291,28.29433203,-0.01621472205,-0.008756636584,8.913079483,1.158023967,1.306469226,-0.5119862972,0.4784343261,-0.4629345496,-0.4651025815,-1.1341923,-0.5218834967,-0.6201548576,-0.6077846165,0.4192283656,0.4363260104,-0.4221759223,-0.1256732915,0.8531047375,0.4184575699,-0.9602408394,-1.351431916,-0.5552655054,0.09481945201,0.2400407716,-0.05623113736,0.004981031482,0.4709261153,0.6257569393,0.3298881375,-0.0759601168
353.7130208,0.03445963162,244.8340286,0.2626295555,0.8184012055,26.04603284,0.0001865323458,24.21009178,0.03265188951,0.007980068152,7.044859902,1.357651692,0.4925623623,-0.09906902668,0.03664143356,-0.9160217049,-0.7667291285,-0.9366756414,0.08724949626,-0.8774596789,-0.8535485332,0.6160699114,0.8316252313,-0.1527686215,0.1049048326,-0.8139068639,0.4129172706,-0.4417928925,-0.4530871554,-0.3016265471,0.1975166589,0.6091329929,-0.2573048213,-0.2457639167,0.1968415458,0.3952992209,0.2694073007,0.230578124
360.4557316,0.03503276734,253.8815476,0.2958166243,0.8297557552,6.742710829,0.0005731357249,9.047518999,0.03318706877,0.01135454975,4.085739874,1.227802711,0.05044960082,0.5398888631,-0.1526622039,-1.030244421,-1.095147516,-0.738115385,0.5745906656,-0.835053901,-0.8130977361,0.3705793976,0.6171774481,-0.3265245456,0.6191553206,-0.4421127615,0.6389578897,-0.1893036375,-0.1142227164,-0.3284183879,0.1985602564,0.4873411693,0.04240577788,0.04045079714,-0.2454905138,-0.2144477832,-0.173755924,0.514250488
372.2754648,0.03358654473,264.7749946,0.2697716944,0.8189818858,11.81973315,-0.001446222612,10.893447,-0.02604492994,-0.01077386949,2.360642566,1.347793183,-0.2641914259,1.668022453,-0.3513139478,-1.822078504,-1.761789162,-0.3686170312,0.521868989,-0.720787843,-0.288514219,0.09607002845,0.3870821927,-0.7003463226,0.9772405109,-0.3146410267,1.12813359,-0.1986517438,-0.7918340829,-0.6666416452,0.3694983538,-0.05272167654,0.114266058,0.5245835171,-0.2745093691,-0.2300952554,-0.3738217771,0.3580851903
364.4956223,0.03309120281,255.3092648,0.2843037354,0.8142287223,-7.779842467,-0.0004953419178,-9.465729794,0.01453204108,-0.00475316343,1.466608106,1.449906218,0.05102269489,1.544963166,-0.7995724651,-2.512893203,-1.931229748,-0.6027500769,0.2615878247,-0.3797491921,0.06095099789,-0.04449094445,-0.03256575887,-0.5751068895,0.558978588,0.3152141208,-0.1230592874,-0.4482585173,-0.6908146989,-0.169440586,-0.2341330456,-0.2602811643,0.3410386509,0.3494652169,-0.1405609729,-0.4196479516,0.1252394331,-0.4182619229
336.1079738,0.03112783692,234.5864233,0.2483783048,0.7889227409,-28.38764848,-0.001963365896,-20.72284159,-0.03592543066,-0.02530598142,1.407437545,1.179652148,0.4079027283,1.180759081,-0.6137750859,-1.867807917,-1.39047573,-1.043500061,-0.4442278311,-0.1324496945,0.1222152736,0.2965080816,0.008618111757,-0.3175184306,0.1001021579,0.3568800334,-0.3642040847,0.1857973792,0.6450852864,0.5407540178,-0.4407499843,-0.7058156558,0.2472994977,0.06126427567,0.3409990261,0.04118387063,0.2575884589,-0.4588764301
