318.8582318,0.07677191032,348.9579708,0.662019785,0.9487626274,318.8582318,0.07677191032,348.9579708,0.662019785,0.9487626274,0,0,-7.2740129,1.16736383,0.06412153948,-0.3293836374,0.3699209256,-0.9817956332,-0.1892251486,-0.04586978587,-0.7426485237,0.06551930646,0.1458764716,-0.1487172575,-0.01804337183,-7.2740129,1.16736383,0.06412153948,-0.3293836374,0.3699209256,-0.9817956332,-0.1892251486,-0.04586978587,-0.7426485237,0.06551930646,0.1458764716,-0.1487172575,-0.01804337183
380.1612391,0.07032079471,277.9079696,0.6383872901,0.9460533325,61.30300728,-0.006451115609,-71.05000121,-0.02363249486,-0.002709294947,2.61561469,0,-8.136551172,1.505506812,0.4151002601,-0.669733787,0.6181093033,-0.3569000617,-0.6748546381,0.185226436,-0.5040491673,0.05332967939,0.0934814036,-0.3562368805,-0.2866151948,-0.8625382722,0.3381429818,0.3509787207,-0.3403501496,0.2481883777,0.6248955715,-0.4856294894,0.2310962218,0.2385993564,-0.01218962707,-0.05239506799,-0.2075196229,-0.268571823
317.9573161,0.07622684114,269.0891296,0.6985999922,0.9549237858,-62.20392295,0.005906046428,-8.818840064,0.06021270213,0.008870453258,2.275989806,0.8635648786,-6.38925815,-1.534736981,1.092337756,0.1758128974,0.57955808,0.2706141527,-0.8556558346,-0.2277712631,-0.4422998361,0.1520350391,0.5247571043,-0.3702350471,-0.6413828988,1.747293022,-3.040243793,0.677237496,0.8455466843,-0.03855122325,0.6275142145,-0.1808011965,-0.4129976991,0.0617493312,0.09870535967,0.4312757007,-0.01399816667,-0.354767704
277.1877846,0.03038494645,201.4178463,0.3524429005,0.8270861498,-40.76953159,-0.04584189469,-67.67128323,-0.3461570917,-0.127837636,7.888786614,1.371470341,-1.886711124,-0.7016414294,-0.08133485393,1.24381627,1.697837865,1.351929027,-0.05606751137,-0.6101485406,-0.9052511731,0.2420771834,0.4648380386,0.0926855525,-0.2836534488,4.502547027,0.8330955516,-1.17367261,1.068003373,1.118279785,1.081314874,0.7995883232,-0.3823772775,-0.462951337,0.09004214438,-0.05991906564,0.4629205996,0.35772945
373.7771084,0.01858560085,247.6270788,0.2322437472,0.7783284904,96.58932387,-0.01179934561,46.20923244,-0.1201991533,-0.04875765937,10.82011443,1.552306323,-0.4770265809,-2.663813537,2.152886116,1.562042809,0.9495608176,1.127164305,-0.18705114,-0.7843328977,0.08940877644,0.6649080763,0.1957565736,-0.2075449766,-0.006264381621,1.409684543,-1.962172107,2.23422097,0.3182265391,-0.7482770471,-0.2247647219,-0.1309836287,-0.1741843571,0.9946599496,0.4228308929,-0.269081465,-0.3002305291,0.2773890672
273.3008299,0.02518996886,183.0353318,0.119862334,0.7622842572,-100.4762785,0.006604368017,-64.59174696,-0.1123814132,-0.01604423319,8.062853554,1.190889032,-0.1265681291,-2.769688715,4.400378703,1.311567366,0.03452119493,0.344023713,0.1118730758,-0.2958603801,0.680561198,-0.3654058994,0.6867554414,-0.2983051531,-0.08849970821,0.3504584518,-0.1058751776,2.247492587,-0.2504754435,-0.9150396227,-0.7831405918,0.2989242158,0.4884725176,0.5911524216,-1.030313976,0.4909988678,-0.09076017645,-0.08223532659
360.9477202,0.03183189961,229.606504,0.2592215591,0.8100291659,87.64689033,0.006641930748,46.57117221,0.1393592252,0.04774490867,10.77115275,1.30005657,-1.751944469,-2.41550676,5.508078885,1.17197147,-0.3178527282,0.4765255603,0.2885183603,-0.0390706024,0.3779755512,-0.3348962523,0.8374139206,-0.2399527961,-0.1635085378,-1.62537634,0.3541819548,1.107700182,-0.1395958959,-0.3523739232,0.1325018472,0.1766452846,0.2567897777,-0.3025856469,0.03050964714,0.1506584791,0.05835235693,-0.07500882955
330.5149027,0.02693038224,195.0272274,0.199413066,0.8000508605,-30.43281758,-0.004901517376,-34.57927659,-0.05980849311,-0.009978305436,6.939471678,1.307593012,-2.051745334,-2.043302442,5.27097653,0.7252597509,-0.8022642212,0.4412722518,0.466995545,0.3522383245,-0.1436409975,-0.3430477744,0.4258068268,-0.1254003135,-0.389488486,-0.2998008652,0.3722043175,-0.2371023545,-0.4467117191,-0.4844114929,-0.03525330846,0.1784771847,0.391308927,-0.5216165486,-0.00815152205,-0.4116070937,0.1145524827,-0.2259799482
396.20541,0.03268665508,214.7478763,0.1759111718,0.8276226148,65.69050736,0.00575627284,19.72064889,-0.02350189423,0.02757175438,3.822876732,1.230757093,-1.730085608,-2.494291649,3.944642031,0.2286139015,-0.992173333,0.4691642879,-0.04330209024,0.03367277042,-0.4287918387,-0.2976179417,0.239736057,-0.08807744069,-0.2956308311,0.3216597261,-0.450989207,-1.326334499,-0.4966458493,-0.1899091119,0.02789203607,-0.5102976352,-0.3185655541,-0.2851508412,0.04542983269,-0.1860707699,0.03732287279,0.0938576549
302.399458,0.03407460321,183.7140363,0.241671944,0.8372394456,-93.805952,0.001387948133,-31.03384006,0.06576077223,0.009616830709,1.979647838,1.435635786,-1.469312891,-2.336216148,2.042316996,-0.2395534431,-0.4441349559,0.1748180314,-1.03903844,-0.2738107723,0.5542994798,0.1467156842,-0.06369996228,-0.1667638735,0.2225963722,0.260772717,0.1580755009,-1.902325035,-0.4681673446,0.5480383771,-0.2943462565,-0.9957363493,-0.3074835427,0.9830913185,0.4443336259,-0.3034360192,-0.07868643277,0.5182272033
368.7307835,0.03330193922,224.7878191,0.2966590689,0.8520506173,66.33132548,-0.000772663993,41.07378287,0.05498712491,0.01481117173,0.962232018,1.426342091,-0.4723814888,-1.291020487,0.2355153426,0.1047533584,0.08191184685,-0.2032986535,-0.6747481195,-0.547605819,0.1986954488,0.3596090283,-0.2805726714,-0.2476000776,0.1105239438,0.9969314025,1.045195661,-1.806801653,0.3443068015,0.5260468027,-0.3781166849,0.36429032,-0.2737950467,-0.355604031,0.2128933441,-0.2168727091,-0.08083620416,-0.1120724284
362.8344624,0.03379077369,249.1055894,0.3422905814,0.8472692776,-5.896321069,0.0004888344791,24.31777021,0.04563151244,-0.004781339711,0.3569972378,1.320387381,-1.131329431,-0.8905317193,-0.1748351204,-0.05557161851,0.1146726554,-0.5162161667,-0.3647647836,-0.08948290668,0.05822522113,0.2059299923,0.1306801849,0.02838459668,0.07525845118,-0.6589479426,0.4004887679,-0.410350463,-0.1603249769,0.03276080856,-0.3129175132,0.3099833358,0.4581229123,-0.1404702277,-0.153679036,0.4112528563,0.2759846743,-0.03526549261
383.0035109,0.0422966999,256.5402087,0.3696665929,0.8672632989,20.1690485,0.008505926208,7.434619295,0.02737601149,0.01999402129,0.1811481926,1.47940898,-1.139926368,-0.7276469789,-0.33702109,-0.4941808538,-0.1701094761,-0.1405555476,-0.1244261614,0.162382691,0.2406876615,0.2558742427,0.1576226273,-0.2761770849,-0.04014507066,-0.008596936733,0.1628847403,-0.1621859696,-0.4386092353,-0.2847821315,0.3756606191,0.2403386223,0.2518655977,0.1824624403,0.04994425043,0.02694244241,-0.3045616816,-0.1154035218
397.7988672,0.04237366322,264.8784091,0.3996800713,0.8721772979,14.79535624,7.69633222e-05,8.338200485,0.0300134784,0.004913999081,0.1111053871,1.324879516,-1.013852445,-0.5416002968,-0.1944420612,-0.1743165581,0.07131101467,-0.2146732103,-0.145429007,-0.02910967785,0.1155472231,0.003539173261,0.0226331377,-0.06838458392,0.08192247958,0.126073923,0.1860466821,0.1425790287,0.3198642958,0.2414204908,-0.07411766271,-0.02100284565,-0.1914923689,-0.1251404384,-0.2523350695,-0.1349894896,0.2077925009,0.1220675502
381.289619,0.03964093635,258.3281876,0.3926917129,0.8713746994,-16.50924821,-0.00273272687,-6.550221516,-0.006988358343,-0.0008025985439,0.1156289003,1.340097006,-1.19366121,-0.5972768396,-0.1977418276,-0.3507910371,-0.2422731808,-0.420080494,-0.0728900292,0.2442329363,0.1160443777,0.08474672949,-0.02614108339,-0.04585671408,0.01290794236,-0.1798087652,-0.05567654283,-0.003299766374,-0.1764744791,-0.3135841955,-0.2054072837,0.0725389778,0.2733426142,0.0004971545509,0.08120755623,-0.04877422109,0.02252786984,-0.06901453723
367.8989983,0.03913468392,252.6435181,0.3792113717,0.8622834211,-13.39062067,-0.0005062524359,-5.684669516,-0.01348034125,-0.009091278277,0.1099640063,1.218303257,-1.006399174,-0.1892454115,-0.2647027078,-0.3796542652,-0.04884935048,-0.1531853382,-0.2303880776,-0.1077147958,0.07767952854,-0.02116122429,0.1063249654,-0.3057727299,-0.0879159896,0.1872620361,0.4080314281,-0.06696088021,-0.028863228,0.1934238304,0.2668951557,-0.1574980484,-0.3519477321,-0.03836484912,-0.1059079538,0.1324660488,-0.2599160159,-0.100823932
385.4534023,0.04444421511,265.696098,0.4000313677,0.8691797882,17.554404,0.005309531192,13.05257985,0.02081999602,0.006896367122,0.1055544129,1.020049563,-1.190019564,-0.2732363781,-0.2680178616,-0.5896127617,-0.2225517691,-0.1694349179,-0.08830085067,-0.08760281899,-0.2478610148,-0.1141702133,-0.1522567904,-0.01365901153,-0.009836639808,-0.1836203902,-0.08399096654,-0.003315153758,-0.2099584966,-0.1737024186,-0.01624957967,0.142087227,0.02011197678,-0.3255405434,-0.09300898898,-0.2585817558,0.2921137184,0.07807934979
388.0035531,0.03942639267,262.6283144,0.4002795761,0.8702909066,2.550150854,-0.005017822443,-3.067783551,0.0002482083935,0.001111118317,0.1029251174,1.349511613,-1.384588684,-0.5817117041,-0.3733485986,-0.7158441313,-0.2266914107,-0.1979483431,-0.2418366912,-0.04786620901,0.1393619444,0.1239938348,-0.1163801287,-0.1970666923,0.04923458636,-0.1945691201,-0.308475326,-0.105330737,-0.1262313695,-0.004139641534,-0.02851342522,-0.1535358405,0.03973660997,0.3872229592,0.2381640481,0.03587666168,-0.1834076808,0.05907122617
410.3761362,0.0388605278,281.8984054,0.3815638324,0.8636787221,22.37258302,-0.0005658648658,19.27009095,-0.01871574373,-0.006612184461,0.09795516457,1.307615821,-0.9953448878,-0.3043785612,-0.2091593922,-0.4151528352,-0.07485059836,-0.1109593955,0.0125092056,-0.04026084451,-0.02474378866,0.2375013496,0.151472868,-0.2069374661,-0.09261105145,0.3892437966,0.2773331429,0.1641892064,0.3006912961,0.1518408123,0.08698894763,0.2543458968,0.007605364501,-0.164105733,0.1135075148,0.2678529967,-0.009870773796,-0.1418456378
416.2787887,0.03918357721,283.4386087,0.391826872,0.8677417237,5.902652504,0.0003230494066,1.540203366,0.01026303962,0.004063001559,0.1018123386,1.111332127,-1.281749453,-0.4669606954,-0.2262342584,-0.4630801509,-0.1036994281,-0.1887809453,-0.1329589487,-0.05970254527,-0.08467482914,0.09092054364,-0.113854907,-0.1424079089,-0.05387609671,-0.2864045647,-0.1625821343,-0.01707486619,-0.04792731568,-0.02884882973,-0.07782154983,-0.1454681543,-0.01944170075,-0.05993104048,-0.1465808059,-0.265327775,0.06452955727,0.03873495474
392.7911191,0.04421200168,256.2708151,0.4859508278,0.8956028904,-23.48766956,0.005028424476,-27.16779365,0.0941239558,0.02786116676,0.09040142124,1.225978556,-1.609217721,-0.4739289261,-0.3167346578,-0.3660419637,-0.1071157799,-0.269091593,-0.2001694685,0.01705874519,0.1233390405,0.2545410573,0.03075793561,-0.3080035281,-0.0280931311,-0.3274682688,-0.006968230722,-0.09050039938,0.09703818711,-0.003416351841,-0.08031064771,-0.06721051983,0.07676129046,0.2080138697,0.1636205137,0.1446128426,-0.1655956192,0.02578296561
394.1661077,0.04878315204,257.3129236,0.5076068238,0.9031612189,1.374988647,0.004571150355,1.042108547,0.02165599599,0.007558328485,0.09408341767,1.294055656,-2.23364701,-0.4377447736,-0.1151577843,-0.3878308751,-0.464840854,-0.3194656493,-0.2565615712,0.05879041447,0.0755123998,0.07301779934,-0.04311680066,-0.05679203305,-0.02368374396,-0.6244292886,0.03618415255,0.2015768735,-0.02178891137,-0.3577250741,-0.05037405625,-0.05639210267,0.04173166928,-0.04782664073,-0.181523258,-0.07387473628,0.251211495,0.004409387141
411.7845435,0.04507526448,270.4826752,0.4899466837,0.8952240302,17.61843572,-0.003707887565,13.16975155,-0.01766014007,-0.007937188695,0.09502136624,1.222640328,-2.17022986,-0.2274170076,-0.2171105294,-0.5574328412,-0.1911855033,-0.06362196193,-0.1482035669,0.05001972479,0.2151634563,0.2128525246,0.06824244976,-0.03318951347,-0.04419543088,0.06341715008,0.210327766,-0.1019527451,-0.169601966,0.2736553507,0.2558436874,0.1083580042,-0.008770689679,0.1396510565,0.1398347252,0.1113592504,0.02360251958,-0.02051168692
431.0933768,0.04349294107,285.376398,0.460220792,0.8893903255,19.30883338,-0.001582323408,14.89372285,-0.02972589169,-0.00583370471,0.1043118567,1.233900441,-1.382168528,-0.355944233,-0.1147602035,-0.2676076088,-0.3537490096,-0.4126323786,0.04712276838,0.05945613111,0.1917455592,0.2360716639,-0.01489185017,-0.0303243826,-0.08585835357,0.7880613313,-0.1285272254,0.1023503259,0.2898252324,-0.1625635062,-0.3490104166,0.1953263353,0.009436406322,-0.0234178971,0.0232191393,-0.08313429993,0.002865130867,-0.04166292269
423.9232317,0.04938116892,280.3036322,0.4546563527,0.8896976765,-7.170145145,0.005888227852,-5.07276583,-0.005564439344,0.0003073509764,0.1039451387,1.190646798,-1.261737902,-0.4427593936,-0.4429691715,-0.4873802945,-0.1165806322,-0.5131714276,-0.2187085303,-0.1384725903,0.03526290928,0.2072194969,0.05830800625,0.0288969508,0.07360428248,0.1204306266,-0.08681516061,-0.328208968,-0.2197726857,0.2371683773,-0.100539049,-0.2658312987,-0.1979287214,-0.1564826499,-0.028852167,0.07319985642,0.05922133341,0.159462636
422.1725864,0.04877522778,278.2563157,0.3975968901,0.8812502084,-1.750645337,-0.0006059411343,-2.047316466,-0.05705946252,-0.008447468066,0.09977715432,1.241383698,-1.116806687,-0.3850194889,-0.07912684532,-0.5632197821,0.1204029766,-0.624689232,-0.1578263627,-0.2391197263,0.06099805685,0.1536912268,0.01705707773,-0.0884225319,-0.04733000863,0.1449312148,0.05773990466,0.3638423261,-0.07583948758,0.2369836088,-0.1115178045,0.06088216758,-0.100647136,0.02573514758,-0.05352827007,-0.04125092852,-0.1173194827,-0.1209342911
306.456079,0.05365339631,164.3860445,0.2958955645,0.8477935838,-115.7165073,0.004878168528,-113.8702712,-0.1017013256,-0.03345662458,0.2793322554,1.332495198,-0.8048265505,-1.985861948,-1.372177868,-0.1176118754,0.9375670585,-0.04676185615,-0.811353316,-0.5331146762,0.2413414491,0.4857133658,-0.01115655681,-0.2133223075,-0.1058528668,0.3119801366,-1.600842459,-1.293051023,0.4456079067,0.8171640819,0.5779273759,-0.6535269533,-0.2939949499,0.1803433922,0.332022139,-0.02821363454,-0.1248997756,-0.05852285819
250.6491997,0.0571605793,116.14571,0.2464320451,0.831858004,-55.80687934,0.003507182989,-48.24033446,-0.04946351941,-0.01593557983,0.09623471636,1.258570828,-0.2082497771,-2.126544508,-1.765591048,0.3115606807,1.251305419,0.1212811918,-0.8903225907,-0.4989845114,0.3541740637,0.6497975399,-0.006643531129,-0.3004365338,-0.1783659477,0.5965767734,-0.1406825607,-0.3934131798,0.4291725561,0.3137383603,0.1680430479,-0.07896927472,0.03413016485,0.1128326146,0.1640841741,0.004513025679,-0.08711422633,-0.07251308093
