229.2726215,0.01974446033,197.3801079,0.2921072932,0.74979478,229.2726215,0.01974446033,197.3801079,0.2921072932,0.74979478,0,0,-1.500328929,-0.3545524058,2.159030487,2.703083796,-1.25711562,0.9435169545,-0.667063804,0.1117046914,0.2539460146,0.4613067008,0.03309905794,0.3569814575,0.148839745,-1.500328929,-0.3545524058,2.159030487,2.703083796,-1.25711562,0.9435169545,-0.667063804,0.1117046914,0.2539460146,0.4613067008,0.03309905794,0.3569814575,0.148839745
293.44675,0.01207769503,238.0021811,0.1721130651,0.6641104111,64.17412848,-0.007666765304,40.62207327,-0.1199942281,-0.08568436887,5.565993648,0,0.1759843472,1.776294154,2.051993302,0.7429403406,0.3106463505,0.1337008896,0.3301414788,-0.5298116546,0.8045841528,0.5704729308,-0.2254399762,-0.03408922757,0.07411292922,1.676313276,2.13084656,-0.1070371856,-1.960143456,1.56776197,-0.8098160649,0.9972052828,-0.641516346,0.5506381381,0.10916623,-0.2585390341,-0.3910706851,-0.07472681575
297.5726943,0.01865470089,229.719862,0.1786982838,0.7199832562,4.12594428,0.006577005864,-8.282319139,0.006585218675,0.05587284507,8.927144463,1.577169894,-0.3171929778,1.327964193,2.419740138,1.931262843,0.326408304,-0.7448784605,-0.4590642304,-0.1463368937,0.4825320002,0.1624190777,-0.2814040191,0.1643856281,-0.02786828589,-0.493177325,-0.448329961,0.3677468359,1.188322502,0.01576195347,-0.87857935,-0.7892057091,0.3834747609,-0.3220521526,-0.4080538531,-0.05596404296,0.1984748557,-0.1019812151
286.5315825,0.01667049366,215.1888832,0.1968308916,0.7084731418,-11.04111178,-0.001984207229,-14.53097877,0.01813260784,-0.01151011439,13.28083642,1.758672702,-1.655583245,1.070198304,2.917849643,1.748988624,0.4240024412,-1.433705614,-0.9110567471,-0.8083362428,0.1870295242,-0.1171151028,0.1857619968,-0.03188057875,-0.309019351,-1.338390267,-0.257765889,0.4981095055,-0.1822742187,0.09759413719,-0.6888271536,-0.4519925167,-0.6619993491,-0.295502476,-0.2795341805,0.4671660159,-0.1962662069,-0.2811510651
308.6728737,0.0132049841,231.9048552,0.22701469,0.6999136108,22.14129119,-0.003465509564,16.71597195,0.03018379838,-0.008559530939,9.556749415,1.246627487,-1.909676511,1.387549266,3.774803255,1.247355394,0.5069036197,-1.137180503,-0.1028244629,-0.4153768961,0.1200739219,-0.1973612227,0.2849659211,-0.1599418494,-0.02059630439,-0.2540932656,0.3173509626,0.8569536116,-0.5016332304,0.08290117848,0.296525111,0.8082322842,0.3929593467,-0.06695560229,-0.08024611987,0.09920392431,-0.1280612706,0.2884230466
287.2505514,0.01646904138,229.6319564,0.1781857981,0.6939503327,-21.4223223,0.003264057278,-2.272898759,-0.04882889191,-0.005963278148,11.93237217,0.9815075788,-1.993545983,2.246911796,3.650180815,0.87557882,0.4254075468,-0.8155641491,0.3520926989,-0.2320046366,0.2846057162,-0.05191659832,0.4652339681,-0.2647900761,0.180205113,-0.08386947289,0.85936253,-0.1246224394,-0.3717765738,-0.08149607289,0.3216163539,0.4549171618,0.1833722595,0.1645317943,0.1454446244,0.1802680471,-0.1048482267,0.2008014174
311.0350629,0.01698578464,256.8800747,0.1619773277,0.7008638516,23.78451152,0.0005167432644,27.24811824,-0.01620847042,0.006913518893,10.9889332,1.504183864,-2.443730467,2.823995604,2.055234652,0.1938206,0.7534883068,-0.3307648693,0.1806461145,0.1842683127,-0.2426536846,0.05775575719,0.4583991079,-0.6835254728,-0.2381995806,-0.4501844834,0.5770838076,-1.594946163,-0.68175822,0.32808076,0.4847992798,-0.1714465844,0.4162729493,-0.5272594008,0.1096723555,-0.006834860234,-0.4187353968,-0.4184046936
376.6479076,0.01630633589,298.3099883,0.3369977622,0.779627794,65.6128447,-0.0006794487522,41.42991361,0.1750204345,0.07876394239,5.632585445,1.661809954,-2.175698575,2.128983046,1.469491563,-0.07070355899,0.764834247,-0.6385327562,0.170399576,0.1558839024,0.1565065702,-0.2345846786,1.027229703,-0.8805533621,0.1680524862,0.2680318916,-0.6950125578,-0.5857430891,-0.264524159,0.01134594016,-0.3077678868,-0.01024653848,-0.02838441024,0.3991602548,-0.2923404358,0.5688305951,-0.1970278893,0.4062520667
297.8038532,0.0218839304,252.9605072,0.4093623064,0.817453797,-78.84405434,0.005577594516,-45.34948109,0.07236454422,0.03782600308,2.218449849,1.205787926,-4.411816038,2.46103989,0.5642417233,-0.5914999317,0.6509532936,0.03149336444,-0.9009193818,1.02881129,-0.294539434,0.04285973396,0.5947912422,-0.9970262301,0.1798001975,-2.236117463,0.3320568442,-0.9052498401,-0.5207963727,-0.1138809534,0.6700261206,-1.071318958,0.8729273872,-0.4510460042,0.2774444125,-0.4324384608,-0.116472868,0.01174771135
332.8919504,0.02884581566,256.1422626,0.4008223533,0.8413517489,35.08809715,0.006961885251,3.181755422,-0.008539953115,0.02389795184,2.131233731,1.582263992,-1.76405966,0.1655587695,0.443665431,-0.4062846528,0.1472473942,-0.165412016,-0.4748049002,0.2863971778,0.02893905512,0.4262408582,0.3537134411,-0.3636952073,0.283818835,2.647756378,-2.295481121,-0.1205762923,0.1852152789,-0.5037058994,-0.1969053804,0.4261144816,-0.7424141119,0.3234784891,0.3833811242,-0.2410778011,0.6333310228,0.1040186375
