276.7687015,0.06149271428,169.2302112,0.4125853224,0.9046463592,276.7687015,0.06149271428,169.2302112,0.4125853224,0.9046463592,0,0,-3.011608024,-1.213760276,1.170396812,-0.586889564,0.8225466402,-0.6142305856,0.2712505968,-0.4669615098,0.6187285202,0.367655551,-0.3923441769,-0.3201356132,-0.2510890412,-3.011608024,-1.213760276,1.170396812,-0.586889564,0.8225466402,-0.6142305856,0.2712505968,-0.4669615098,0.6187285202,0.367655551,-0.3923441769,-0.3201356132,-0.2510890412
233.7737612,0.0446736385,126.3579826,0.2329517097,0.807856028,-42.99494034,-0.01681907577,-42.87222852,-0.1796336128,-0.09679033121,8.257555238,0,0.8791519145,-2.018871847,-1.407098189,-1.789036251,-0.406650491,-0.5389979468,0.1145644988,-0.3325860476,0.1947631294,-0.3936674606,0.1085314146,-0.4436029121,-0.03987129893,3.890759939,-0.8051115709,-2.577495001,-1.202146687,-1.229197131,0.07523263884,-0.1566860981,0.1343754622,-0.4239653908,-0.7613230115,0.5008755914,-0.1234672989,0.2112177423
217.633286,0.04215619839,104.1199708,0.1624678561,0.7748474254,-16.14047521,-0.002517440115,-22.23801182,-0.07048385357,-0.03300860258,9.534078403,1.382439483,1.373287308,-2.01412147,-1.989985329,-2.069965882,-0.5117998065,-0.5668065994,0.5151998381,-0.09800489674,0.02538917848,-0.8843299289,0.7890115331,-0.08365789533,-0.1266174954,0.4941353936,0.004750376537,-0.5828871396,-0.2809296308,-0.1051493155,-0.02780865259,0.4006353393,0.2345811509,-0.1693739509,-0.4906624684,0.6804801185,0.3599450168,-0.08674619652
231.4679753,0.04302931848,121.7477516,0.2414091627,0.7994039091,13.83468937,0.000873120088,17.62778076,0.07894130665,0.02455648369,8.483848705,1.348620732,1.905016981,-1.939711218,-2.33089811,-2.06022687,-0.1423031255,-0.8466060452,0.6459775103,0.0577635516,0.1974879821,-0.7850155674,0.7600777863,0.389137597,0.2911839837,0.531729673,0.07441025207,-0.3409127819,0.00973901178,0.369496681,-0.2797994459,0.1307776722,0.1557684483,0.1720988036,0.09931436153,-0.02893374673,0.4727954923,0.4178014791
289.5825812,0.0441780081,153.2965778,0.105649981,0.7784789077,58.11460591,0.001148689628,31.5488262,-0.1357591817,-0.02092500142,7.782563577,1.458073954,2.786771249,-2.478577057,-2.846522189,-1.577540014,0.2924674727,-1.155786545,0.554507158,0.2198474406,0.3791958441,-0.6288489063,0.7865583115,0.4512321072,0.1984155547,0.8817542675,-0.5388658388,-0.5156240781,0.4826868566,0.4347705982,-0.3091805,-0.09147035224,0.162083889,0.1817078621,0.1561666611,0.02648052514,0.06209451019,-0.09276842901
410.3192025,0.04032628454,261.5332707,0.2417079081,0.8152006168,120.7366213,-0.003851723568,108.2366929,0.1360579271,0.03672170912,6.855710576,1.240192379,2.998525284,-2.335427357,-2.623089388,-1.856885746,0.7498835307,-1.184885649,-0.2369876579,-0.1500596624,0.502574036,-0.7414321692,0.2110099213,0.6067747528,-0.1262845529,0.2117540357,0.1431496998,0.2234328002,-0.279345732,0.457416058,-0.02909910347,-0.7914948159,-0.3699071029,0.1233781918,-0.1125832629,-0.5755483902,0.1555426456,-0.3247001076
363.1617379,0.03856176578,217.6983365,0.1266860902,0.7938906092,-47.15746463,-0.001764518753,-43.83493418,-0.1150218179,-0.02131000767,7.343230272,1.112939886,3.687136564,-2.031045158,-2.396482691,-1.716658722,1.617312678,-0.5691657514,-1.153641064,-0.7824360583,0.4618596798,-0.5849228459,-0.2203686731,0.8690425039,-0.2114473417,0.6886112794,0.3043821996,0.2266066973,0.1402270237,0.8674291471,0.6157198973,-0.9166534057,-0.632376396,-0.04071435616,0.1565093233,-0.4313785944,0.2622677511,-0.08516278877
355.0870751,0.03953343127,214.2710891,0.07936529551,0.7844237273,-8.074662739,0.0009716654901,-3.427247436,-0.04732079474,-0.009466881896,6.292813287,1.289174488,4.180639296,-1.688230142,-2.166003285,-0.8512287711,1.773898727,0.2439226009,-1.626847675,-0.9096006861,0.3968448085,-0.5917995594,-0.4591518582,0.3452968649,-0.6691664708,0.4935027325,0.3428150159,0.2304794057,0.8654299508,0.1565860492,0.8130883523,-0.473206611,-0.1271646277,-0.06501487136,-0.006876713486,-0.238783185,-0.523745639,-0.4577191291
333.5660625,0.04016078641,202.288166,0.1243927718,0.7958365286,-21.52101266,0.0006273551348,-11.98292312,0.04502747626,0.01141280137,2.633680117,1.364587888,3.085190814,-1.312152367,-2.128293088,-0.1730455293,1.369806635,-0.08486853219,-1.320687662,-0.4957101001,0.2593148785,-0.09602761027,-0.4894240756,-0.09192712614,-0.02611350136,-1.095448482,0.3760777741,0.03771019689,0.6781832418,-0.4040920919,-0.3287911331,0.3061600123,0.4138905859,-0.13752993,0.4957719491,-0.03027221738,-0.437223991,0.6430529694
302.9833608,0.03709944601,187.4988283,0.2587131578,0.8272748084,-30.58270165,-0.003061340403,-14.78933767,0.134320386,0.03143827971,1.348502688,1.588437733,0.1671987092,-2.336009604,-1.068221452,0.2647339717,1.104696688,-0.3239258038,-1.235826349,0.05757945217,0.8850145478,0.164020229,-0.3824572411,0.1276154963,-0.2664366767,-2.917992105,-1.023857236,1.060071636,0.437779501,-0.2651099467,-0.2390572716,0.08486131313,0.5532895523,0.6256996694,0.2600478393,0.1069668344,0.2195426224,-0.2403231753
