247.0161916,0.02942985562,182.8880512,0.1816635744,0.7421871335,247.0161916,0.02942985562,182.8880512,0.1816635744,0.7421871335,0,0,2.108826763,2.146011273,1.491877873,-0.7450187438,-0.007912053581,-0.8025109843,-0.04760239448,0.08591811956,0.1184041408,0.6496736523,-0.263432766,-0.3839487509,-0.2693863218,2.108826763,2.146011273,1.491877873,-0.7450187438,-0.007912053581,-0.8025109843,-0.04760239448,0.08591811956,0.1184041408,0.6496736523,-0.263432766,-0.3839487509,-0.2693863218
288.2245493,0.02872604838,188.5804977,0.1606780708,0.7580688472,41.20835763,-0.0007038072394,5.692446466,-0.0209855036,0.01588171368,11.43270714,0,2.71335866,0.5931905073,2.071657568,-2.856375618,-0.9007959622,-0.3495461568,0.1061232144,-0.5084884976,-0.3266752348,-0.1992470428,-0.3822360902,-1.030211466,0.5078029159,0.6045318972,-1.552820766,0.5797796943,-2.111356874,-0.8928839087,0.4529648275,0.1537256089,-0.5944066172,-0.4450793755,-0.8489206952,-0.1188033243,-0.6462627148,0.7771892377
270.392203,0.03113159831,172.1826121,0.2118666807,0.7805866071,-17.83234627,0.002405549935,-16.39788559,0.05118860986,0.02251775995,11.57634452,1.48756681,1.679811013,-0.7615231494,1.149556119,-3.569569207,-1.370238264,0.03328104013,-0.364232462,-0.1270476373,-0.5213357252,0.1045102503,0.003846051146,-0.7005159098,1.017447768,-1.033547647,-1.354713657,-0.9221014485,-0.7131935896,-0.4694423022,0.3828271969,-0.4703556764,0.3814408603,-0.1946604904,0.3037572931,0.3860821414,0.3296955559,0.5096448518
290.6512355,0.02375093259,176.730796,0.1341145198,0.750587178,20.25903256,-0.00738066572,4.548183954,-0.07775216085,-0.02999942913,11.23178162,1.232307327,1.004556953,-1.032636829,0.8936512588,-4.048822339,-1.201371275,0.04658941541,-0.443924043,0.05343367329,-0.4781187801,0.2441946886,0.3855219378,-0.4902529375,1.130738688,-0.6752540596,-0.27111368,-0.2559048604,-0.4792531314,0.1688669897,0.01330837528,-0.07969158097,0.1804813106,0.04321694511,0.1396844382,0.3816758867,0.2102629723,0.1132909199
294.3195657,0.02592938193,184.970231,0.2563749601,0.7877067196,3.668330137,0.002178449339,8.239434954,0.1222604403,0.03711954161,11.15775678,1.274218901,1.399212041,-1.624757867,0.7853671248,-3.730915244,-1.227032145,-0.1079792939,-0.3499070507,0.3080033078,0.01712464355,0.03526471797,0.7881851735,-0.6861516204,1.115505013,0.3946550874,-0.5921210374,-0.108284134,0.3179070951,-0.02566086975,-0.1545687093,0.09401699227,0.2545696345,0.4952434236,-0.2089299706,0.4026632357,-0.1958986829,-0.01523367432
355.7719936,0.03009966505,222.5968365,0.1346291096,0.776305816,61.45242793,0.004170283124,37.62660551,-0.1217458505,-0.01140090357,9.522040677,1.497585204,2.166357126,-1.91646159,1.078593647,-3.396692108,-1.486394235,-0.2705028319,-0.2586069462,0.1351569329,-0.09170972699,0.03390674268,0.470631266,-0.9388442803,0.8099602007,0.7671450851,-0.2917037231,0.293226522,0.3342231354,-0.2593620902,-0.162523538,0.09130010453,-0.1728463749,-0.1088343705,-0.001357975288,-0.3175539075,-0.2526926599,-0.3055448127
361.166466,0.03132863641,228.7047378,0.112714004,0.7795154752,5.394472396,0.001228971355,6.107901291,-0.02191510557,0.00320965917,7.888241965,1.225398462,2.161595751,-1.341408074,1.201739309,-3.227612155,-1.343486456,-0.4161763548,-0.2769414261,0.0859612582,-0.3090612627,0.04215699201,-0.02683547758,-0.844573149,0.5250281291,-0.00476137442,0.5750535162,0.1231456621,0.1690799535,0.1429077792,-0.1456735229,-0.01833447993,-0.04919567469,-0.2173515357,0.00825024933,-0.4974667436,0.09427113122,-0.2849320716
286.5543255,0.03382624968,182.360705,0.1244784782,0.7763611171,-74.61214048,0.002497613273,-46.34403277,0.01176447417,-0.003154358085,5.081054308,1.32499169,1.742958519,-1.045723584,0.6235296664,-2.359470097,-1.360256823,0.02970880056,-0.1941809696,0.01255577267,0.160770006,0.1864404633,-0.01179513475,-0.445996561,0.3481705882,-0.4186372327,0.2956844894,-0.5782096424,0.8681420579,-0.01677036757,0.4458851553,0.08276045657,-0.07340548554,0.4698312687,0.1442834713,0.01504034283,0.3985765881,-0.1768575409
348.0275325,0.0285625757,243.928386,0.2226458131,0.7980570888,61.47320698,-0.005263673987,61.56768101,0.09816733488,0.02169597167,2.487925034,1.541205743,0.493020673,-0.172657436,-0.5321159354,-1.804443365,-0.6375101362,0.03924021746,-0.166924647,0.2146442249,0.7175680032,0.2847146201,-0.01375666431,-0.1547301905,0.07672960621,-1.249937846,0.8730661482,-1.155645602,0.5550267317,0.7227466869,0.009531416894,0.02725632259,0.2020884522,0.5567979972,0.09827415683,-0.001961529564,0.2912663705,-0.271440982
336.9382618,0.03778007754,228.6248246,0.3314941435,0.8453259522,-11.0892707,0.009217501842,-15.30356146,0.1088483304,0.04726886338,0.5728727361,1.439390791,-0.6605095178,-0.70988233,-0.73166663,-1.107068084,-0.2003462338,0.04048822581,-0.01409012816,0.4698832804,0.6836522569,0.07766575381,-0.389515274,-0.1746161743,0.03310953727,-1.153530191,-0.537224894,-0.1995506947,0.6973752811,0.4371639024,0.001248008351,0.1528345188,0.2552390555,-0.03391574627,-0.2070488663,-0.3757586097,-0.01988598381,-0.04362006894
371.8515123,0.04123911752,256.338032,0.3954167386,0.8686536498,34.91325048,0.003459039981,27.71320747,0.06392259515,0.02332769767,0.1521476714,1.480213342,-1.313768851,-0.290051121,-0.4629751722,-0.3020129805,0.05918231292,-0.4184883548,-0.3702049214,0.2990973185,0.4749655924,0.4191504954,-0.04173519829,-0.09477249936,0.1057576492,-0.6532593331,0.419831209,0.2686914579,0.8050551034,0.2595285467,-0.4589765806,-0.3561147933,-0.1707859619,-0.2086866645,0.3414847416,0.3477800757,0.07984367493,0.07264811195
367.5244758,0.032863924,256.6610799,0.3818715635,0.8535052675,-4.327036476,-0.008375193523,0.323047904,-0.01354517513,-0.01514838233,0.07547126426,1.43247149,-1.126795324,-0.2349524977,0.1044245918,-0.2782665862,0.2233921037,-0.3713665183,-0.4454815721,0.2619691813,0.3281812893,0.5188150735,0.2259978064,-0.03450775872,0.126968367,0.1869735272,0.05509862323,0.567399764,0.02374639433,0.1642097908,0.0471218365,-0.0752766506,-0.03712813724,-0.1467843031,0.09966457813,0.2677330047,0.06026474063,0.02121071774
313.5956231,0.02904270815,242.5546389,0.2785634465,0.7976328406,-53.92885265,-0.003821215851,-14.10644099,-0.103308117,-0.05587242694,0.1872661697,1.321345182,-0.7948991088,-0.04071980129,0.2349207253,0.1657540521,0.6306407234,-0.1455563286,-0.1174909898,0.43463723,0.4239285337,0.3561905383,0.129134142,0.09354582687,-0.08732298912,0.3318962149,0.1942326965,0.1304961335,0.4440206382,0.4072486197,0.2258101897,0.3279905822,0.1726680487,0.09574724437,-0.1626245352,-0.09686366434,0.1280535856,-0.2142913561
208.1543844,0.03208640349,172.8881898,0.2488047126,0.7798459212,-105.4412387,0.003043695349,-69.66644915,-0.02975873385,-0.01778691932,0.08671594369,1.109288406,-0.7921612986,0.4444873017,0.005950428754,-0.02415096064,0.4728504248,-0.3417639285,-0.140522757,0.1108410491,0.3909334017,0.5130094765,-0.01716777366,-0.09454122439,-0.1186141947,0.002737810241,0.4852071029,-0.2289702965,-0.1899050127,-0.1577902987,-0.1962075999,-0.02303176719,-0.323796181,-0.03299513198,0.1568189382,-0.1463019157,-0.1880870513,-0.03129120556
