305.8387698,0.03387156035,228.6273006,0.2527657788,0.7966145156,305.8387698,0.03387156035,228.6273006,0.2527657788,0.7966145156,0,0,0.5712785092,1.24903845,0.5691562381,-0.00248529246,-0.07861824508,-0.5749141638,-0.8777096438,-0.4032851094,-0.4582405993,-0.3153104857,-0.3297429429,-0.4439915323,-0.2133027859,0.5712785092,1.24903845,0.5691562381,-0.00248529246,-0.07861824508,-0.5749141638,-0.8777096438,-0.4032851094,-0.4582405993,-0.3153104857,-0.3297429429,-0.4439915323,-0.2133027859
337.7167139,0.03319153227,253.7587676,0.3090513527,0.8176213796,31.87794406,-0.0006800280816,25.13146698,0.05628557396,0.02100686402,0.2979709265,0,-1.007291219,0.1043172726,0.04889233686,-0.4263968992,0.1703950607,-0.3345029278,-0.4766261568,0.05881396415,0.1822785236,0.1727547034,-0.1331834747,-0.17666142,-0.02695755955,-1.578569728,-1.144721178,-0.5202639012,-0.4239116068,0.2490133058,0.2404112359,0.401083487,0.4620990736,0.6405191229,0.4880651891,0.1965594682,0.2673301122,0.1863452264
410.4767455,0.03417570778,297.1616203,0.3683517082,0.8499026406,72.76003154,0.000984175505,43.40285268,0.05930035545,0.032281261,0.4332539765,1.433082035,-1.445943061,-0.02347947502,-0.2239554855,-0.4519533419,-0.1396051622,-0.5740561751,-0.5386214132,-0.003438119843,0.1553325889,0.280845098,-0.04242915988,-0.1441560354,0.1689470565,-0.4386518423,-0.1277967476,-0.2728478223,-0.02555644267,-0.3100002229,-0.2395532473,-0.06199525642,-0.062252084,-0.02694593476,0.1080903946,0.09075431482,0.03250538469,0.195904616
413.9127596,0.02922225493,297.5275627,0.3819272021,0.8465236452,3.436014177,-0.004953452846,0.3659424144,0.01357549395,-0.003378995403,0.184538315,1.329232146,-1.306115206,0.07095205944,-0.236333285,-0.6286615022,-0.09753305628,-0.7993451634,-0.5333258838,0.1854616052,0.2755801883,0.3175502252,0.01035933343,-0.2207380333,-0.1690728891,0.1398278555,0.09443153446,-0.0123777995,-0.1767081603,0.04207210593,-0.2252889883,0.005295529415,0.1888997251,0.1202475994,0.03670512724,0.05278849331,-0.07658199799,-0.3380199456
377.5444188,0.03710116924,269.552382,0.3973801937,0.8605606225,-36.36834081,0.007878914314,-27.97518066,0.01545299161,0.01403697722,0.1924796471,1.193325312,-1.375318399,-0.04719045157,-0.2233416689,-0.4084473483,-0.03109850698,-0.306650054,-0.3768038659,0.2223688331,0.1524680783,0.1317870935,0.07043885218,-0.1827055268,0.09209278322,-0.06920319311,-0.118142511,0.0129916161,0.2202141539,0.0664345493,0.4926951094,0.1565220179,0.03690722791,-0.12311211,-0.1857631318,0.06007951875,0.03803250651,0.2611656723
377.7714555,0.04174690327,269.5740564,0.3906719857,0.8594070072,0.2270366535,0.004645734021,0.02167430741,-0.006708208037,-0.001153615232,0.1629992042,1.277332944,-1.2838343,-0.02540319285,-0.3674389956,-0.64962363,-0.1204671969,-0.5214119121,-0.6539765691,0.05863331431,0.04518001044,0.3103313888,0.1647497567,0.008410850651,0.1255119332,0.09148409896,0.02178725871,-0.1440973267,-0.2411762817,-0.08936868994,-0.2147618581,-0.2771727032,-0.1637355188,-0.1072880678,0.1785442954,0.09431090457,0.1911163775,0.03341914996
397.1734141,0.03942228475,279.7524865,0.3944782135,0.8598452463,19.40195866,-0.002324618514,10.1784301,0.003806227772,0.0004382390595,0.1367061152,1.222121789,-1.319663326,-0.03258480711,-0.365503416,-0.5902354212,-0.1261533331,-0.6266340063,-0.6806013634,-0.134523235,0.1292650985,0.3222881246,-0.07047903576,-0.2152407362,0.001851221585,-0.03582902639,-0.007181614252,0.001935579622,0.05938820889,-0.00568613623,-0.1052220941,-0.02662479429,-0.1931565493,0.08408508808,0.01195673578,-0.2352287925,-0.2236515869,-0.1236607116
153.1923579,0.05230875644,106.379054,0.1681504321,0.7660983026,-243.9810562,0.01288647169,-173.3734324,-0.2263277813,-0.09374694372,4.606383333,1.730445999,-0.6294064112,0.4822266635,0.2559588255,-0.1248193013,-0.07897402618,-0.5185773737,-0.6664709739,-0.1920262197,0.05236872261,0.1039549637,-0.2688520019,-0.4368206041,-0.2359661413,0.6902569151,0.5148114706,0.6214622414,0.4654161198,0.04717930697,0.1080566326,0.01413038945,-0.05750298472,-0.07689637591,-0.2183331609,-0.1983729661,-0.2215798679,-0.2378173629
283.8738964,0.01672293322,220.4992482,0.07383657312,0.6655389607,130.6815385,-0.03558582322,114.1201942,-0.09431385902,-0.1005593419,14.29786434,1.877452916,2.709925291,3.1171281,1.097337896,0.2008580608,-2.455221542,-0.1894334051,0.3172591251,0.1979454958,-0.156685825,0.2545064696,-0.2934661643,-0.9595478521,-0.3880549582,3.339331702,2.634901437,0.8413790709,0.3256773621,-2.376247516,0.3291439686,0.9837300991,0.3899717156,-0.2090545476,0.1505515058,-0.02461416244,-0.5227272481,-0.1520888169
315.4970659,0.01597120453,252.8892149,0.1013131387,0.6655318482,31.62316945,-0.0007517286834,32.38996668,0.02747656559,-7.112533454e-06,6.164589433,1.214259576,2.279902978,3.213520021,1.523929505,0.5972457186,-1.691241804,-0.2782297014,0.05177535754,0.1874090901,0.1056426441,0.7440864876,-0.1929525844,-0.4792194288,-0.4389296866,-0.4300223135,0.09639192043,0.4265916084,0.3963876578,0.7639797382,-0.08879629634,-0.2654837676,-0.01053640576,0.2623284691,0.489580018,0.1005135799,0.4803284234,-0.05087472834
291.3048054,0.02049283836,235.6346493,0.07195360389,0.66791277,-24.19226052,0.004521633822,-17.25456558,-0.02935953482,0.002380921801,12.05505285,1.03100447,1.992581765,2.181288646,1.384047925,0.05025657291,-0.1627237988,-0.4885655771,-0.2081819423,0.1956156793,0.269889315,0.4433005266,0.01838423579,-0.4464180033,-0.05448573725,-0.2873212122,-1.032231374,-0.1398815794,-0.5469891457,1.528518005,-0.2103358757,-0.2599572999,0.008206589205,0.1642466709,-0.3007859609,0.2113368202,0.03280142547,0.3844439493
270.3432835,0.01866124112,192.536786,0.1795337824,0.7317145656,-20.96152182,-0.001831597241,-43.09786334,0.1075801785,0.06380179569,5.796603207,1.44471713,-0.4010543887,-2.044537386,2.416785685,2.334307689,-0.1162981609,-1.267423266,0.242829864,0.7266083555,-0.4001615226,0.04939967552,-0.3226572178,0.3763608669,-0.09758255446,-2.393636154,-4.225826032,1.03273776,2.284051117,0.0464256379,-0.7788576894,0.4510118063,0.5309926762,-0.6700508376,-0.3939008511,-0.3410414536,0.8227788702,-0.04309681721
313.3489882,0.01612924813,226.706585,0.1479947469,0.7225944271,43.00570462,-0.002531992988,34.16979906,-0.03153903548,-0.009120138568,3.941929756,1.426873262,-1.281478464,-1.234158005,3.785330366,2.518221419,-0.3337885284,-0.8735787978,-0.5830883828,1.115596028,-0.2938151524,-0.08887029978,-0.5188384688,0.6082676835,-0.0893592712,-0.8804240749,0.8103793808,1.368544681,0.1839137292,-0.2174903675,0.3938444687,-0.8259182468,0.3889876727,0.1063463702,-0.1382699753,-0.196181251,0.2319068166,0.008223283261
275.9105918,0.01815195122,213.7814126,0.1587684373,0.7240903838,-37.4383964,0.00202270309,-12.92517241,0.01077369043,0.001495956769,5.534607453,1.226941755,-1.690670137,-0.7816512573,2.792374063,1.81394628,-0.4392586686,-0.1963456461,-0.7669167577,1.139472808,-0.2722048651,-0.5408367226,-0.1464051515,0.7313294216,-0.4593121093,-0.4091916733,0.4525067477,-0.9929563038,-0.7042751386,-0.1054701402,0.6772331517,-0.1838283749,0.02387677957,0.02161028727,-0.4519664228,0.3724333172,0.1230617381,-0.3699528381
355.3810115,0.01426974417,276.2776211,0.1988914588,0.7253017549,79.4704197,-0.003882207051,62.4962085,0.04012302147,0.001211371037,3.694753594,1.603867204,-1.681579864,-0.1436662921,2.259384543,1.993361329,-1.086699434,0.2392107436,-0.6625137762,0.9032338422,-0.2831499104,-0.4781076246,0.1549014971,0.7046994021,-0.3438363301,0.009090272694,0.6379849652,-0.5329895195,0.1794150486,-0.6474407654,0.4355563897,0.1044029815,-0.2362389656,-0.01094504533,0.06272909794,0.3013066486,-0.02663001956,0.1154757791
295.8372795,0.02305611901,238.9219077,0.2178729561,0.7473401332,-59.54373192,0.008786374846,-37.35571343,0.01898149731,0.02203837835,3.373035078,1.410909319,-1.374191918,0.3768306982,0.9677202002,1.544040992,-0.6709507617,0.1326522825,-0.4333767727,0.5674153247,-0.2704348773,-0.02652493241,0.1791150396,0.2091294165,-0.1951018668,0.3073879458,0.5204969903,-1.291664343,-0.4493203362,0.4157486723,-0.1065584611,0.2291370035,-0.3358185175,0.01271503314,0.4515826922,0.02421354247,-0.4955699856,0.1487344633
