323.5715813,0.05385685998,172.3077001,0.3825588501,0.8957521412,323.5715813,0.05385685998,172.3077001,0.3825588501,0.8957521412,0,0,-2.349717608,-2.118703464,2.655575836,-0.02032111764,0.536316371,-0.2730950238,-1.519243748,0.4997845801,-0.2029531596,0.1660436126,-0.1396735709,-0.09040562338,-0.3751899491,-2.349717608,-2.118703464,2.655575836,-0.02032111764,0.536316371,-0.2730950238,-1.519243748,0.4997845801,-0.2029531596,0.1660436126,-0.1396735709,-0.09040562338,-0.3751899491
236.3711086,0.03140063564,167.0126511,0.1570257448,0.7697989113,-87.20047276,-0.02245622434,-5.295048996,-0.2255331054,-0.1259532299,7.427024642,0,0.8263587321,-1.88591053,1.555840709,1.042247213,1.045821261,0.07316739432,-0.8683640782,-0.1216691521,-0.4353238455,0.03042661292,0.4266265583,-0.2022141413,-0.5400208091,3.17607634,0.2327929332,-1.099735126,1.062568331,0.5095048905,0.3462624182,0.6508796694,-0.6214537323,-0.2323706859,-0.1356169996,0.5663001292,-0.1118085179,-0.16483086
240.6279717,0.02273668043,169.8118109,0.1235546838,0.7111995823,4.256863183,-0.008663955212,2.799159777,-0.03347106095,-0.05859932898,12.1775703,1.675446136,4.573384467,-1.579510042,0.4528252743,2.050647109,0.5117165743,0.3045562021,-0.01305528398,-0.5670139923,-0.1012018826,-0.3563833546,-0.1227398621,0.2150006283,-0.09673784909,3.747025735,0.3064004879,-1.103015435,1.008399896,-0.5341046872,0.2313888077,0.8553087942,-0.4453448402,0.3341219629,-0.3868099675,-0.5493664204,0.4172147695,0.44328296
363.3545079,0.01281439266,279.2381837,0.09370991148,0.6669748166,122.7265362,-0.009922287763,109.4263729,-0.02984477232,-0.04422476574,10.68256208,1.198481346,4.387655281,-1.64534053,0.410197711,2.097552698,0.7090952,0.4096572172,-0.04767441231,-0.3557004872,-0.03199463659,-0.08582843448,-0.2250406176,0.1902054854,-0.03502269048,-0.1857291862,-0.06583048717,-0.04262756325,0.04690558907,0.1973786257,0.1051010151,-0.03461912833,0.2113135051,0.06920724604,0.2705549201,-0.1023007555,-0.02479514284,0.0617151586
310.0115634,0.01618744587,239.0787554,0.149960806,0.6974751813,-53.34294449,0.003373053205,-40.15942832,0.05625089454,0.03050036474,9.824205671,0.8929751537,4.116267031,-0.7668750399,0.3559029989,1.58170521,0.6811749723,0.2005809324,0.336746133,0.2437575055,-0.09962967966,-0.3512882893,-0.4563657596,0.05855072051,0.1536630609,-0.2713882499,0.8784654898,-0.05429471219,-0.5158474871,-0.02792022772,-0.2090762848,0.3844205453,0.5994579927,-0.06763504307,-0.2654598548,-0.2313251419,-0.1316547649,0.1886857514
227.3457889,0.02499842156,167.6243291,0.1122568373,0.6985574632,-82.66577446,0.008810975693,-71.45442626,-0.03770396872,0.001082281904,11.00887165,1.77828364,2.634677118,0.09302279657,1.318865339,0.9186311532,-0.268044917,0.1520424705,-0.3946292654,0.4349782866,0.1030314583,0.4323357873,0.003362774722,-0.1749894071,-0.4217613439,-1.481589913,0.8598978364,0.96296234,-0.6630740573,-0.9492198893,-0.04853846191,-0.7313753983,0.1912207811,0.2026611379,0.7836240766,0.4597285343,-0.2335401277,-0.5754244047
245.099015,0.02405424628,181.9785242,0.1307872013,0.7041241803,17.75322603,-0.0009441752763,14.3541951,0.01853036401,0.005566717079,9.018205761,1.668141999,4.246913549,1.791843193,2.975607785,-0.7823933635,-2.194437246,0.5972831439,0.1476437281,-0.3591343859,0.1308844822,0.1625510814,-0.1011607039,-0.557763489,-0.3387460494,1.612236431,1.698820397,1.656742447,-1.701024517,-1.926392329,0.4452406733,0.5422729935,-0.7941126725,0.02785302392,-0.2697847059,-0.1045234786,-0.3827740819,0.08301529445
262.869412,0.02170234367,191.8367187,0.0579447665,0.6736481311,17.77039704,-0.002351902613,9.858194484,-0.07284243481,-0.03047604924,8.737582082,1.190463634,3.999967163,2.480387347,2.65484662,-0.6431533212,-1.93475861,0.2797311512,-0.04372434051,-0.3927864268,0.4115273258,0.4124619316,-0.1778404619,-0.3753828293,-0.2398306041,-0.2469463863,0.6885441536,-0.3207611655,0.1392400423,0.2596786359,-0.3175519927,-0.1913680686,-0.03365204099,0.2806428437,0.2499108503,-0.07667975802,0.1823806597,0.09891544534
308.2468846,0.02262152823,241.1097921,0.2470702645,0.7514547804,45.37747262,0.0009191845577,49.27307341,0.189125498,0.07780664933,10.47875581,1.247906513,3.111212625,2.719702478,1.830617469,-0.2622939922,-1.045290418,-0.4482909243,-0.4553029393,-0.1708958498,0.4475353938,0.4809294651,0.01215487011,-0.01488631042,-0.03371849949,-0.8887545378,0.2393151314,-0.8242291509,0.380859329,0.8894681924,-0.7280220755,-0.4115785988,0.221890577,0.036008068,0.06846753352,0.189995332,0.3604965189,0.2061121046
303.7998995,0.02597812221,242.5412216,0.1585937805,0.7285652263,-4.446985123,0.003356593983,1.431429461,-0.08847648401,-0.02288955409,5.643881468,1.445518494,1.17902206,2.159696794,1.473751508,-0.1039654347,-0.09124079513,-0.6870789976,-0.5166819793,-0.1757035036,0.02323344842,0.2407473264,-0.1524558923,-0.3042289967,-0.1567156164,-1.932190564,-0.5600056837,-0.3568659615,0.1583285575,0.9540496225,-0.2387880733,-0.06137903996,-0.004807653738,-0.4243019454,-0.2401821387,-0.1646107624,-0.2893426863,-0.1229971169
