230.2318834,0.02102653206,189.7394166,0.1643782661,0.7033081992,230.2318834,0.02102653206,189.7394166,0.1643782661,0.7033081992,0,0,0.9219762211,1.345894764,0.9343224128,0.4625028026,0.945948131,0.3898947593,0.1047403586,0.4115117126,0.3922626891,-0.2220451669,-0.5602512745,-0.3998967945,-0.09590709426,0.9219762211,1.345894764,0.9343224128,0.4625028026,0.945948131,0.3898947593,0.1047403586,0.4115117126,0.3922626891,-0.2220451669,-0.5602512745,-0.3998967945,-0.09590709426
322.4469609,0.02100375703,234.0979539,0.2530200532,0.7740335377,92.21507748,-2.277502602e-05,44.35853729,0.08864178714,0.0707253385,4.829523261,0,2.742394522,-0.7719595817,-0.02253158542,0.3211621857,1.6526214,1.548435253,-0.2165236149,0.1564750962,0.2851989424,-1.02212985,-0.5558709354,0.5381477761,-0.2524137862,1.820418301,-2.117854345,-0.9568539982,-0.141340617,0.7066732686,1.158540494,-0.3212639735,-0.2550366163,-0.1070637467,-0.8000846832,0.004380339167,0.9380445706,-0.1565066919
294.5629499,0.01879990073,189.2568168,0.1097881295,0.7375512754,-27.88401093,-0.002203856308,-44.8411371,-0.1432319237,-0.03648226221,10.18425504,1.422817018,2.896440016,-1.82557817,1.22476109,-0.5095821095,1.32809214,0.4981977765,-0.6332848008,0.2463756747,-0.7113405961,-0.9072253574,0.05267752906,0.3540802493,0.04204579265,0.154045494,-1.053618588,1.247292675,-0.8307442952,-0.3245292595,-1.050237477,-0.4167611859,0.08990057843,-0.9965395385,0.1149044927,0.6085484644,-0.1840675268,0.2944595788
273.141548,0.01761220278,178.8829027,0.2020371494,0.740297119,-21.42140191,-0.001187697944,-10.37391416,0.09224901991,0.00274584358,10.06462539,1.439261964,1.466195047,-0.2969132869,0.8240979687,-1.570896989,-0.8619068262,-0.0290332671,0.0001538657934,0.01688560755,-1.089855725,-0.690760669,0.1374166108,-0.3580841322,0.6817728927,-1.430244969,1.528664883,-0.4006631211,-1.06131488,-2.189998966,-0.5272310436,0.6334386666,-0.2294900671,-0.3785151291,0.2164646884,0.08473908171,-0.7121643815,0.6397271
247.484139,0.01951828134,165.7557374,0.2038410224,0.7236046542,-25.65740903,0.001906078557,-13.12716527,0.001803872968,-0.01669246483,11.10593043,1.466535311,1.425693745,0.7328338709,1.240751907,-2.708544852,-1.13158245,0.02754270538,-0.137041069,-0.03184340627,-0.6668356003,-0.2286995489,-0.2179260348,-0.6512340629,0.6101120769,-0.04050130267,1.029747158,0.4166539382,-1.137647862,-0.2696756238,0.05657597248,-0.1371949348,-0.04872901382,0.423020125,0.4620611201,-0.3553426456,-0.2931499307,-0.07166081577
225.2104794,0.02008862573,150.7458584,0.1591176057,0.7074912688,-22.27365959,0.0005703443923,-15.00987894,-0.04472341668,-0.01611338538,13.54369634,1.344922429,2.041001184,1.369116002,2.03710412,-2.716383169,-1.048420356,-0.1214643838,-0.3278581452,-0.1169503163,-0.4566017578,-0.05324314432,-0.3245603419,-0.8312370794,0.2841283453,0.6153074391,0.6362821307,0.7963522134,-0.007838317549,0.08316209404,-0.1490070891,-0.1908170762,-0.08510691006,0.2102338424,0.1754564045,-0.106634307,-0.1800030165,-0.3259837316
261.238266,0.01495176821,187.6853698,0.1817582435,0.6962022567,36.02778662,-0.005136857521,36.93951133,0.02264063785,-0.0112890121,11.6100592,1.340073588,2.55736832,1.722816749,3.219765354,-2.975860382,-0.7399373878,-0.4897634468,-0.08049759117,-0.5221792737,-0.4255365803,-0.09471817688,-0.4457901177,-0.8736182974,-0.283830855,0.516367136,0.353700747,1.182661234,-0.2594772122,0.3084829681,-0.368299063,0.247360554,-0.4052289573,0.03106517751,-0.04147503256,-0.1212297759,-0.04238121809,-0.5679592003
275.5776971,0.01908505797,205.4033101,0.1748915084,0.7141864914,14.3394311,0.004133289763,17.7179403,-0.006866735126,0.01798423469,14.1745719,1.241289288,2.865967244,1.861218849,3.587064544,-2.219847865,-0.7112085965,-0.06975578976,-0.157860849,-0.4636418723,-0.08948519721,0.4098119062,-0.4204017713,-0.2367666748,-0.2686180961,0.3085989244,0.1384021004,0.3672991903,0.7560125164,0.02872879129,0.420007657,-0.07736325784,0.05853740138,0.3360513831,0.5045300831,0.02538834641,0.6368516227,0.01521275895
367.7613596,0.02702607832,291.5557795,0.1201076415,0.7308910723,92.18366253,0.007941020346,86.15246945,-0.05478386694,0.01670458091,7.5878635,1.327793723,2.271462673,2.044979129,3.187804459,-0.8015242986,-0.2674552865,-0.1698742381,-0.7419725729,-0.3327404799,-0.006149249715,0.4182441578,0.02608665078,0.087747368,0.09921851073,-0.5945045712,0.1837602799,-0.3992600854,1.418323567,0.44375331,-0.1001184484,-0.5841117239,0.1309013924,0.0833359475,0.008432251535,0.4464884221,0.3245140428,0.3678366068
292.2702338,0.02142710858,229.2542716,0.1396242311,0.7132158854,-75.49112585,-0.005598969744,-62.30150788,0.01951658965,-0.01767518692,2.957180186,1.529320414,1.197038619,1.562850335,1.864535164,0.1182230635,0.3303841419,-0.5045004776,-0.739264199,-0.1940729691,0.1830564308,0.3029924453,-0.1920499596,-0.1396697631,-0.08048120551,-1.074424054,-0.4821287944,-1.323269295,0.9197473621,0.5978394284,-0.3346262394,0.002708373898,0.1386675108,0.1892056805,-0.1152517125,-0.2181366104,-0.2274171311,-0.1796997162
252.756315,0.02546181729,208.5527103,0.3295897222,0.7907928002,-39.51391878,0.004034708715,-20.70156138,0.1899654911,0.07757691478,1.68489785,1.668087756,-0.03488633986,0.7406905329,0.692470717,0.1721061033,0.4250338121,-0.3503192381,-0.2442213427,0.1181642458,0.1293195221,0.1703921064,-0.4755383567,-0.265483316,0.07598458898,-1.231924958,-0.8221598016,-1.172064447,0.05388303976,0.09464967019,0.1541812394,0.4950428562,0.3122372149,-0.05373690866,-0.1326003388,-0.283488397,-0.1258135529,0.1564657945
