257.2946278,0.0485772565,209.8183317,0.4453792034,0.8849704842,257.2946278,0.0485772565,209.8183317,0.4453792034,0.8849704842,0,0,-2.926809038,0.7183843159,1.157094387,0.6241847663,0.6275550912,-1.370009071,-1.383063365,0.1604987113,-0.01805117759,0.458608855,-0.5842575021,-0.4763651968,-0.5705282566,-2.926809038,0.7183843159,1.157094387,0.6241847663,0.6275550912,-1.370009071,-1.383063365,0.1604987113,-0.01805117759,0.458608855,-0.5842575021,-0.4763651968,-0.5705282566
317.4141304,0.04441393398,228.9942634,0.4161510627,0.8787319827,60.11950254,-0.004163322515,19.17593164,-0.02922814073,-0.00623850148,0.1120747558,0,-0.9406589012,0.606808398,0.2183044649,-0.1000032906,0.5810492518,-0.4661877763,-0.5894043661,0.1225608851,-0.2550176045,0.0114541896,-0.4452577504,-0.387705587,0.04130234613,1.986150137,-0.1115759179,-0.9387899223,-0.724188057,-0.04650583937,0.9038212944,0.793658999,-0.03793782619,-0.2369664269,-0.4471546654,0.1389997517,0.08865960987,0.6118306027
325.6243337,0.0509550136,195.6199152,0.3014868284,0.8489880729,8.210203275,0.006541079611,-33.37434816,-0.1146642343,-0.02974390977,0.2306817635,1.284631432,-0.9005885851,0.06418555418,-0.1137808417,-0.2637663172,0.06710181104,-0.5730588629,-0.6504797384,-0.00179185493,0.05732542442,0.00838661763,-0.114085952,-0.1941376133,-0.1249461604,0.04007031615,-0.5426228438,-0.3320853066,-0.1637630266,-0.5139474408,-0.1068710866,-0.06107537227,-0.12435274,0.312343029,-0.003067571971,0.3311717983,0.1935679736,-0.1662485065
317.1252089,0.05170085913,185.1412853,0.2572281421,0.838015035,-8.49912474,0.0007458455354,-10.47862993,-0.04425868629,-0.01097303793,0.09600194824,1.537100566,0.2455710454,-1.986236454,-2.303386265,0.0779918175,1.415076829,-0.1169563828,-1.495127747,-0.8306546714,0.2172294261,0.3651135837,0.08261651568,0.03089721306,0.1461452709,1.14615963,-2.050422008,-2.189605424,0.3417581347,1.347975018,0.4561024801,-0.8446480082,-0.8288628164,0.1599040016,0.3567269661,0.1967024677,0.2250348264,0.2710914313
421.1628479,0.03998823879,289.55006,0.3765427703,0.8636357599,104.037639,-0.01171262034,104.4087747,0.1193146281,0.02562072495,0.1931412698,1.065392778,-0.8160499091,-0.1506663255,-0.5491207873,-0.315538632,0.165503007,-0.3762431933,-0.639172216,-0.03656048144,-0.03299584094,0.07623199996,0.01957521485,-0.1102338587,0.07791227428,-1.061620954,1.835570129,1.754265478,-0.3935304495,-1.249573822,-0.2592868104,0.8559555306,0.7940941899,-0.250225267,-0.2888815838,-0.06304130083,-0.1411310717,-0.0682329966
366.8773885,0.04205600861,256.1339502,0.4028307729,0.8685054956,-54.28545941,0.002067769818,-33.41610976,0.02628800266,0.004869735643,0.09028885403,1.345327125,-1.530687431,-0.4147023144,-0.7043161988,-0.5114390348,0.02684513084,-0.3602592953,-0.2161010946,0.2566229162,0.2681450746,0.2611275029,-0.06298403026,-0.1486127954,0.01768488074,-0.7146375221,-0.2640359889,-0.1551954114,-0.1959004029,-0.1386578762,0.01598389794,0.4230711213,0.2931833976,0.3011409155,0.1848955029,-0.08255924511,-0.03837893674,-0.06022739354
193.0520189,0.08871796924,149.0484134,0.4020984034,0.9091078839,-173.8253696,0.04666196063,-107.0855368,-0.0007323694904,0.04060238832,3.17393343,1.880597968,-3.124057681,-2.713031293,0.3767310227,-0.6698044933,-0.3550682897,-0.4507606413,-0.9011696945,0.3847965564,1.20171247,0.1828299553,-0.02202029841,-0.6244458863,0.253178844,-1.59337025,-2.298328979,1.081047221,-0.1583654584,-0.3819134205,-0.09050134595,-0.6850685999,0.1281736402,0.9335673952,-0.07829754755,0.04096373185,-0.4758330908,0.2354939633
320.2038963,0.04539590783,161.6943698,0.377755341,0.8830782921,127.1518774,-0.04332206141,12.64595638,-0.02434306246,-0.02602959179,9.04634954,1.892383179,-2.113537219,-2.899715053,0.6350980288,-1.024049464,-0.3500359797,-0.7960751372,-0.9107442136,-0.001440497311,0.7378713911,0.1319524971,0.1229155112,-0.5953625893,0.1372303605,1.010520462,-0.1866837593,0.2583670061,-0.3542449711,0.00503231002,-0.3453144959,-0.009574519062,-0.3862370537,-0.4638410787,-0.05087745826,0.1449358096,0.02908329698,-0.1159484835
368.0158616,0.04206963664,185.5562538,0.2392107857,0.874516262,47.81196528,-0.003326271186,23.86188399,-0.1385445552,-0.008562030118,5.349439018,1.220140127,-1.195622135,-2.856717388,0.5511860883,-1.306704996,-0.2366770655,-1.134718057,-1.109487162,-0.2888642389,0.663567227,0.1014886059,0.2899525172,-0.5500049985,0.02954993514,0.9179150844,0.04299766504,-0.08391194052,-0.282655532,0.1133589142,-0.3386429194,-0.1987429483,-0.2874237415,-0.07430416405,-0.03046389115,0.1670370061,0.04535759076,-0.1076804254
376.3648452,0.0458915446,206.4944423,0.3591513766,0.8794453413,8.348983562,0.003821907958,20.93818853,0.1199405909,0.004929079292,6.875790106,0.9644606584,-0.4907375217,-1.820930148,0.5874070469,-1.072557566,-0.2482858092,-0.9790139352,-0.7416576999,-0.658178376,0.7497356196,0.474320965,0.4066378793,-0.4782811582,0.100141952,0.704884613,1.03578724,0.03622095859,0.23414743,-0.01160874369,0.1557041213,0.367829462,-0.3693141372,0.08616839261,0.3728323591,0.1166853621,0.07172384034,0.0705920169
362.6606292,0.03806236498,212.8590801,0.3024408462,0.859946138,-13.70421599,-0.007829179624,6.364637773,-0.05671053038,-0.01949920333,6.195205387,1.219475586,-1.274150092,-1.433729138,0.7500373059,-1.405844614,-0.6451261964,-0.9640106934,-0.4766508455,-1.081683324,0.5601972373,0.3726780872,0.6680148301,-0.4719465322,0.2117139025,-0.7834125702,0.38720101,0.162630259,-0.3332870472,-0.3968403872,0.01500324183,0.2650068543,-0.4235049476,-0.1895383824,-0.1016428779,0.2613769508,0.006334625995,0.1115719504
323.084224,0.04079897592,197.7386913,0.2527572536,0.8535312085,-39.57640519,0.00273661094,-15.12038883,-0.04968359262,-0.006414929503,2.936347917,1.423020562,-0.9965434291,-0.9253276458,1.295768386,-0.4481366332,-0.1948018243,-0.6173369818,-0.7575174114,-1.115864484,0.2848401283,0.05361751806,0.3835434634,-1.028858611,-0.08773674044,0.2776066628,0.5084014922,0.5457310804,0.9577079805,0.4503243721,0.3466737115,-0.2808665659,-0.03418116035,-0.2753571089,-0.3190605691,-0.2844713667,-0.5569120787,-0.2994506429
336.8970564,0.02594654909,221.3061298,0.3133787078,0.8421028393,13.81283239,-0.01485242683,23.56743848,0.06062145426,-0.01142836918,1.763204282,1.577834903,-1.757176705,-0.1245271148,2.047191582,-0.4551534199,0.6508144206,-0.3971620434,-0.6329822256,-0.0360952713,0.1228374763,0.5951417543,0.165086205,-0.511806046,0.01707906062,-0.760633276,0.800800531,0.7514231954,-0.007016786733,0.8456162448,0.2201749384,0.1245351858,1.079769213,-0.1620026521,0.5415242362,-0.2184572584,0.5170525649,0.1048158011
288.5649071,0.03720583267,191.2377652,0.2927844132,0.8570154061,-48.33214924,0.01125928358,-30.06836453,-0.02059429466,0.0149125668,1.22930614,1.317244414,-1.724729421,-1.056365495,2.257049314,-0.02053479281,0.3640181419,-0.2775523752,-1.152442923,-0.6564698135,0.1966528724,0.4845499349,-0.1908282128,-0.5064373635,0.09537744959,0.03244728424,-0.9318383807,0.2098577324,0.4346186271,-0.2867962786,0.1196096682,-0.5194606978,-0.6203745422,0.07381539608,-0.1105918194,-0.3559144178,0.005368682455,0.07829838897
384.5665187,0.03795118184,212.138605,0.3129205617,0.8721977826,96.00161158,0.000745349176,20.90083973,0.02013614849,0.01518237654,1.631220844,1.155969018,-0.657335723,-3.194990154,1.349990217,0.2572622656,0.07102172074,-0.2233467397,-1.329849572,-0.408560096,0.6468601099,0.1893474867,-0.2614644074,0.1162100715,-0.08296878489,1.067393698,-2.138624658,-0.9070590969,0.2777970584,-0.2929964212,0.05420563555,-0.1774066486,0.2479097175,0.4502072375,-0.2952024481,-0.07063619452,0.6226474351,-0.1783462345
334.094455,0.02945135035,229.5804896,0.341735374,0.8457736058,-50.47206369,-0.008499831492,17.44188463,0.0288148123,-0.02642417687,0.6200375481,1.527227083,-1.132554526,-0.945757984,-0.1481381939,-0.2684583337,0.03529253571,-0.284433155,-0.3746093185,0.3270991247,0.2615309912,0.1346523984,-0.1145778275,-0.05682511699,0.03027726128,-0.4752188029,2.24923217,-1.498128411,-0.5257205993,-0.03572918503,-0.06108641533,0.9552402536,0.7356592207,-0.3853291187,-0.05469508836,0.1468865799,-0.1730351885,0.1132460462
389.8126931,0.03978134706,259.5713877,0.3999409395,0.8731796855,55.71823813,0.01032999671,29.99089808,0.05820556549,0.02740607977,0.2460353339,1.642557656,-1.193662236,-0.6999398975,-0.3014540996,-0.4950393457,-0.03409309227,-0.3998508418,-0.5334355556,0.1502776,0.06175897528,0.1246041645,-0.1898485078,-0.24170863,0.01400479726,-0.06110771048,0.2458180866,-0.1533159057,-0.226581012,-0.06938562798,-0.1154176868,-0.1588262371,-0.1768215247,-0.1997720159,-0.01004823385,-0.07527068028,-0.184883513,-0.01627246402
384.5661936,0.0452962674,253.1865411,0.4202055874,0.8811512485,-5.246499582,0.005514920339,-6.384846597,0.02026464789,0.00797156302,0.07700197453,1.392013723,-1.262891079,-0.7876560168,-0.5520181828,-0.3821163674,0.05517432166,-0.4437881269,-0.6490596674,-0.03762192174,0.1498662047,0.01111437591,-0.142602132,-0.2893475594,-0.1313581042,-0.06922884262,-0.08771611934,-0.2505640833,0.1129229784,0.08926741394,-0.04393728514,-0.1156241118,-0.1878995217,0.08810722945,-0.1134897886,0.04724637572,-0.04763892939,-0.1453629015
387.1368662,0.04193051741,256.4638385,0.4025508808,0.8760128136,2.57067264,-0.003365749986,3.277297469,-0.01765470661,-0.005138434989,0.06830338056,1.323778849,-1.201380162,-0.7732371939,-0.4156036759,-0.3675610577,0.2103060647,-0.6823422062,-0.7097931946,0.0295010403,0.02226781932,0.3487763633,-0.0160414322,-0.08727059393,-0.05035186704,0.06151091743,0.01441882296,0.136414507,0.01455530969,0.1551317431,-0.2385540793,-0.06073352723,0.06712296204,-0.1275983854,0.3376619874,0.1265606999,0.2020769655,0.08100623718
423.2006792,0.04234311108,284.1834723,0.4118073519,0.8774813517,36.06381302,0.0004125936629,27.71963377,0.009256471166,0.001468538172,0.07058828113,1.241186372,-1.230774951,-0.6108902643,-0.5004674464,-0.2069825887,0.1789237637,-0.4529118985,-0.5780691453,0.0891082225,-0.05184992192,0.3139248933,0.06651268354,-0.01486759836,0.09418792643,-0.02939478934,0.1623469296,-0.08486377051,0.160578469,-0.03138230105,0.2294303078,0.1317240493,0.0596071822,-0.07411774124,-0.03485146994,0.08255411574,0.07240299557,0.1445397935
434.3851556,0.04251535161,294.7924862,0.4145634438,0.876757829,11.18447633,0.00017224053,10.60901386,0.002756091876,-0.0007235227091,0.06616581233,1.23783247,-1.365572142,-0.4018695421,-0.3040652931,-0.3291710856,0.1002936372,-0.3353856944,-0.3860582955,0.2701387227,0.1796370522,0.2116424056,0.004331649932,-0.1199281054,0.08493295022,-0.1347971915,0.2090207222,0.1964021533,-0.1221884969,-0.07863012645,0.117526204,0.1920108498,0.1810305002,0.2314869741,-0.1022824878,-0.06218103361,-0.105060507,-0.009254976206
384.8614483,0.04081692999,265.8881517,0.3984739837,0.8688407603,-49.52370721,-0.001698421617,-28.90433451,-0.01608946009,-0.007917068681,0.06485592487,1.177509003,-1.158130536,-0.3008469795,-0.2472843371,-0.3156958581,0.04780682644,-0.2694478563,-0.1797055891,0.2182747286,0.1388062508,0.2076086878,0.06849088511,-0.1814333193,0.04678180641,0.2074416066,0.1010225626,0.056780956,0.01347522747,-0.05248681078,0.0659378381,0.2063527063,-0.05186399412,-0.04083080139,-0.004033717764,0.06415923518,-0.06150521397,-0.03815114381
382.987731,0.03916995,265.4676067,0.4055425107,0.8689311241,-1.873717359,-0.001646979986,-0.4205449069,0.007068527009,9.036375864e-05,0.06616490425,1.194608082,-1.32775196,-0.310196914,-0.4229944065,-0.4695393257,0.2111026459,-0.3801460108,-0.2714945792,0.2265624922,0.1430512581,0.4176631038,0.06823028085,0.004846517129,0.0131214205,-0.1696214246,-0.009349934497,-0.1757100694,-0.1538434676,0.1632958195,-0.1106981544,-0.09178899005,0.008287763567,0.004245007352,0.2100544159,-0.0002606042617,0.1862798365,-0.03366038591
405.228673,0.04026625794,281.5651178,0.394625718,0.868076511,22.24094205,0.001096307935,16.09751108,-0.01091679275,-0.0008546130495,0.06029422708,1.169163062,-1.101704502,-0.003341786927,-0.4404685585,-0.4342388536,0.03607506022,-0.4981199181,-0.52634628,0.1399966935,0.2371288103,0.207946582,0.03542272193,0.06066749991,-0.03216305403,0.2260474581,0.3068551271,-0.01747415199,0.03530047203,-0.1750275857,-0.1179739073,-0.2548517008,-0.08656579872,0.09407755213,-0.2097165218,-0.03280755893,0.05582098278,-0.04528447453
391.9660888,0.03865998357,273.8186155,0.3901957862,0.8626036506,-13.26258424,-0.001606274373,-7.746502337,-0.004429931805,-0.005472860457,0.0568557871,1.275412764,-1.043737259,-0.0622110685,-0.1770860909,-0.4742490671,-0.03770587375,-0.4125684078,-0.3587012037,0.1757392228,0.1946048493,0.274380963,-0.1152855988,-0.2757024416,0.1721936229,0.0579672436,-0.05886928158,0.2633824676,-0.04001021347,-0.07378093397,0.08555151028,0.1676450763,0.0357425293,-0.04252396094,0.06643438108,-0.1507083208,-0.3363699415,0.204356677
405.7259891,0.03623515178,285.1495018,0.3801678983,0.8590563359,13.75990034,-0.002424831788,11.33088627,-0.01002788786,-0.003547314684,0.06459906551,1.109933094,-1.165348762,0.008687145629,-0.22517025,-0.5218979953,-0.05528634873,-0.5269399432,-0.6417225844,0.2008072698,0.1575133405,-0.03216481606,-0.0603648088,-0.204124808,-0.1102488857,-0.1216115029,0.07089821413,-0.04808415911,-0.04764892821,-0.01758047497,-0.1143715354,-0.2830213808,0.02506804703,-0.03709150885,-0.3065457791,0.05492079004,0.07157763358,-0.2824425087
418.2490781,0.03660691949,291.1971535,0.3920822813,0.864769634,12.52308892,0.0003717677166,6.047651735,0.01191438297,0.005713298101,0.06125288326,1.121190021,-1.232899062,-0.2014925889,-0.2356097202,-0.5043065214,-0.04173356233,-0.4795011729,-0.3551881229,0.1674026822,0.1722828095,0.05711815233,-0.08478217849,-0.2087988017,0.09186296759,-0.06755030013,-0.2101797346,-0.01043947015,0.01759147392,0.0135527864,0.0474387703,0.2865344616,-0.03340458757,0.01476946903,0.08928296838,-0.02441736969,-0.00467399373,0.2021118533
368.8252774,0.04050904637,258.6837748,0.3964593774,0.8651313108,-49.42380066,0.003902126871,-32.51337866,0.00437709609,0.0003616768394,0.0590169276,1.177263794,-1.217271539,-0.2824835421,-0.3251125542,-0.2954214546,0.2286054242,-0.3292358954,-0.06980014218,0.2875087503,0.2576600617,0.2494107312,0.160206679,0.007429117334,0.02441354999,0.01562752277,-0.08099095318,-0.08950283403,0.2088850668,0.2703389865,0.1502652775,0.2853879807,0.1201060681,0.08537725217,0.1922925789,0.2449888574,0.2162279191,-0.0674494176
