343.9973151,0.03872537071,252.8430573,0.3041529881,0.8297953128,343.9973151,0.03872537071,252.8430573,0.3041529881,0.8297953128,0,0,-0.1703448245,0.8129397626,0.4861822559,-0.01598449901,0.3878561831,-0.6572991742,-0.6580264154,-0.06744589929,0.1216264554,0.1366653308,-0.1397541876,-0.3404728721,0.003095412642,-0.1703448245,0.8129397626,0.4861822559,-0.01598449901,0.3878561831,-0.6572991742,-0.6580264154,-0.06744589929,0.1216264554,0.1366653308,-0.1397541876,-0.3404728721,0.003095412642
362.6255552,0.03304453709,263.7423001,0.3275920935,0.8354382517,18.62824011,-0.005680833621,10.8992428,0.02343910539,0.005642938838,0.2275551992,0,-0.8162369839,0.2737835685,-0.04885887424,-0.4760864646,0.1739895819,-0.4241562135,-0.5149441608,0.2718758534,0.208374428,0.1533795496,-0.1071974114,-0.07410566728,-0.09411156171,-0.6458921594,-0.5391561942,-0.5350411302,-0.4601019656,-0.2138666012,0.2331429606,0.1430822546,0.3393217527,0.08674797266,0.01671421875,0.0325567762,0.2663672048,-0.09720697435
378.8355583,0.03278172756,276.1714057,0.3634699852,0.8435737804,16.21000311,-0.000262809536,12.42910562,0.03587789162,0.008135528693,0.08804762257,1.509366336,-0.9411528137,-0.02302383304,-0.03286242699,-0.3925098084,0.1877471665,-0.4305363896,-0.3897273558,0.3145607562,0.3743874764,0.3500867415,-0.03903148771,-0.09825041291,0.0675231573,-0.1249158298,-0.2968074015,0.01599644725,0.08357665617,0.01375758459,-0.0063801761,0.1252168051,0.04268490274,0.1660130484,0.1967071919,0.06816592374,-0.02414474563,0.161634719
383.7789959,0.02763371054,281.641203,0.3278636736,0.8266219972,4.943437582,-0.005148017019,5.469797245,-0.03560631159,-0.01695178313,0.1206822193,1.286820248,-0.8215964289,0.1367014654,0.1426696553,-0.399095567,0.2417225315,-0.1117848432,-0.2356826115,-0.03697219403,0.1995416596,0.2681335241,0.1147965519,-0.2002299435,0.07863239374,0.1195563848,0.1597252985,0.1755320822,-0.006585758601,0.05397536496,0.3187515464,0.1540447443,-0.3515329502,-0.1748458169,-0.08195321736,0.1538280396,-0.1019795306,0.01110923645
382.4196073,0.03963253817,246.5616321,0.3705893974,0.8705708586,-1.359388543,0.01199882764,-35.07957085,0.04272572381,0.04394886134,0.1299059553,1.142542142,-1.325860456,-0.3898228763,-0.1431594807,-0.5559743176,0.267206432,0.1088124054,-0.3279628064,-0.2150365551,0.2174986398,0.3038038429,0.08117855689,-0.1258031546,-0.07649792422,-0.5042640275,-0.5265243417,-0.285829136,-0.1568787505,0.02548390049,0.2205972486,-0.09228019491,-0.1780643611,0.0179569802,0.0356703188,-0.03361799497,0.07442678884,-0.155130318
261.1266947,0.03843169978,149.8869526,0.1629655573,0.8167419548,-121.2929126,-0.001200838394,-96.67467952,-0.2076238401,-0.05382890374,10.67789274,1.815104817,1.167862576,-1.728049164,0.5271974459,-3.049767293,0.2002198469,0.4614610555,-0.5704411916,-1.45578845,-0.5821483927,0.5551238436,-0.6033125503,0.6038918641,-0.02949588252,2.493723032,-1.338226288,0.6703569266,-2.493792975,-0.06698658506,0.3526486502,-0.2424783852,-1.240751895,-0.7996470324,0.2513200007,-0.6844911071,0.7296950187,0.04700204171
306.3518795,0.04011688348,176.9097216,0.1833002964,0.8324545593,45.22518481,0.001685183702,27.02276899,0.02033473917,0.0157126045,3.391331843,1.515272392,0.9507146682,-1.623865365,0.2392670311,-3.129948438,0.2862146753,0.3678278195,-0.5715809254,-1.363427087,-0.304829774,0.1963729435,-0.57609121,0.5874842454,-0.08605737655,-0.2171479074,0.1041837997,-0.2879304147,-0.08018114558,0.08599482842,-0.09363323603,-0.001139733852,0.09236136336,0.2773186186,-0.3587509001,0.02722134025,-0.01640761867,-0.05656149403
343.1396364,0.05451049571,193.5603646,0.2342547761,0.8661192304,36.78775687,0.01439361223,16.65064306,0.05095447962,0.03366467104,7.432280693,0.9122816094,-1.346643823,-3.189528316,-0.135037462,-1.503634216,0.7224142043,-0.3755581654,-1.055617213,-0.4989009498,0.3165994022,-0.2064140429,-0.3822251182,0.4092822959,-0.05035738106,-2.297358491,-1.565662952,-0.3743044931,1.626314222,0.436199529,-0.7433859849,-0.4840362872,0.8645261372,0.6214291762,-0.4027869863,0.1938660918,-0.1782019495,0.03569999549
325.2805314,0.04785861698,184.4551853,0.3080416329,0.8705053947,-17.85910504,-0.006651878731,-9.105179321,0.0737868568,0.004386164373,3.508013658,1.580037112,-1.307701711,-3.179861318,0.6041547871,-1.04082601,1.016410309,-0.168749416,-1.906731019,-0.695792714,0.3440876618,0.3182000824,-0.8273103932,0.6068379805,-0.2169262821,0.03894211203,0.009666998025,0.7391922491,0.4628082059,0.2939961044,0.2068087494,-0.8511138063,-0.1968917642,0.02748825965,0.5246141253,-0.445085275,0.1975556846,-0.166568901
312.0074475,0.03865472585,182.4023371,0.2003768814,0.8372130936,-13.27308383,-0.009203891128,-2.052848271,-0.1076647515,-0.03329230112,5.810895182,1.513389539,0.3312372256,-2.422623833,1.5193779,-1.067548042,0.4831386997,0.02723951434,-1.765630835,-0.196375232,-0.3197856841,0.6337565191,-1.338240874,0.1216317026,-0.05795955063,1.638938936,0.7572374859,0.9152231125,-0.02672203247,-0.533271609,0.1959889303,0.1411001838,0.499417482,-0.6638733459,0.3155564367,-0.5109304805,-0.4852062779,0.1589667314
343.818371,0.04050404381,218.2480122,0.2280851923,0.8345204366,31.81092345,0.001849317961,35.84567519,0.02770831092,-0.002692656981,4.380208511,1.166752903,1.041010927,-1.793758996,1.301895989,-1.200771267,0.8938468458,0.2146963199,-2.048516172,-0.5850479814,-0.5271934805,1.06613112,-1.263802517,-0.158674008,-0.05558309963,0.7097737011,0.6288648367,-0.2174819107,-0.1332232245,0.4107081462,0.1874568056,-0.2828853366,-0.3886727494,-0.2074077964,0.4323746008,0.07443835711,-0.2803057106,0.002376450995
289.7647186,0.0372579916,191.5368817,0.1748883807,0.8150532822,-54.05365243,-0.003246052206,-26.71113058,-0.05319681164,-0.01946715444,6.108182454,1.178603067,1.344726756,-1.619342023,1.083165564,-1.045016172,0.4231897786,0.5482330465,-0.7384873129,-0.4678202196,-0.6112107927,0.231433557,-1.243785843,-0.04299302959,-0.1181549185,0.3037158295,0.1744169731,-0.218730425,0.155755095,-0.4706570673,0.3335367265,1.310028859,0.1172277618,-0.08401731224,-0.834697563,0.02001667383,0.1156809784,-0.06257181883
332.0087543,0.02259011089,244.5403829,0.1561397459,0.7713406736,42.24403574,-0.01466788071,53.00350126,-0.01874863478,-0.04371260856,5.235565839,1.455567784,0.6745790273,-0.9120991807,0.5882920186,-0.506761584,0.4085996114,0.1924478404,-0.5792222232,-0.260759549,-0.4765957008,-0.1215475811,-0.6778121081,-0.2287072451,-0.1249982047,-0.6701477289,0.7072428421,-0.4948735454,0.538254588,-0.01459016715,-0.3557852061,0.1592650897,0.2070606706,0.1346150919,-0.3529811381,0.5659737347,-0.1857142156,-0.006843286224
352.6891714,0.02319023457,264.7600112,0.2036482344,0.7794265592,20.6804171,0.0006001236818,20.21962832,0.04750848858,0.008085885591,1.644617479,1.724253334,0.116628629,-1.023909882,0.02841410298,0.3191736951,0.1201148463,0.2367047892,0.07884623134,0.1678810041,-0.1289337029,0.07936882206,-0.3069613012,-0.03867418695,0.2184283597,-0.5579503982,-0.1118107018,-0.5598779156,0.8259352791,-0.2884847651,0.04425694884,0.6580684545,0.4286405531,0.347661998,0.2009164031,0.3708508069,0.1900330582,0.3434265644
334.4371705,0.02379042492,234.5740512,0.1994380578,0.7870364777,-18.2520009,0.0006001903531,-30.18596003,-0.004210176632,0.007609918514,0.5495689422,1.559914867,0.3311577121,-2.440404958,-0.1969303578,0.7982884926,0.353159439,0.3229233114,0.3326998513,0.3334126136,-0.001503535925,-0.2004258646,-0.6199999265,-0.1597237575,0.2406009632,0.2145290831,-1.416495075,-0.2253444607,0.4791147975,0.2330445928,0.08621852218,0.2538536199,0.1655316095,0.1274301669,-0.2797946866,-0.3130386253,-0.1210495705,0.02217260352
398.7029418,0.0316222854,273.0949144,0.285095417,0.8319433391,64.26577133,0.007831860474,38.52086315,0.08565735922,0.04490686135,0.6258035625,1.079296326,-1.208258194,-2.57597065,-0.6805627852,0.2346461687,0.7782199967,0.3162285235,-0.2404714412,0.3062126983,0.2297627615,0.05531307737,0.07082219206,0.1308967565,-0.005651418297,-1.539415906,-0.1355656928,-0.4836324275,-0.5636423239,0.4250605576,-0.006694787847,-0.5731712924,-0.0271999153,0.2312662974,0.2557389419,0.6908221186,0.290620514,-0.2462523815
