261.7935618,0.01444378033,226.1448564,0.2392509593,0.6909348227,261.7935618,0.01444378033,226.1448564,0.2392509593,0.6909348227,0,0,-0.379249959,0.9093927396,0.9524450813,0.05322295019,0.689532327,0.2864375059,0.04510536611,0.5820960708,0.4926148526,0.4378810073,0.004958112434,-0.01036138818,-0.06376234387,-0.379249959,0.9093927396,0.9524450813,0.05322295019,0.689532327,0.2864375059,0.04510536611,0.5820960708,0.4926148526,0.4378810073,0.004958112434,-0.01036138818,-0.06376234387
317.3134567,0.009095642265,273.8173886,0.1515878177,0.6155252209,55.51989496,-0.005348138069,47.67253223,-0.08766314151,-0.07540960177,4.208666463,0,-0.1513097391,0.9431497861,1.157126158,-0.216836314,0.5738442742,0.2438285293,0.1336754704,0.7122786474,0.427039768,0.331236395,-0.1000472533,-0.1763697636,-0.156275044,0.2279402199,0.03375704648,0.2046810767,-0.2700592642,-0.1156880527,-0.04260897665,0.08857010425,0.1301825766,-0.0655750846,-0.1066446123,-0.1050053657,-0.1660083754,-0.09251270011
321.272071,0.01136609037,241.5588832,0.1131513454,0.6720495821,3.958614287,0.002270448101,-32.2585054,-0.03843647231,0.05652436122,11.37991723,1.21287637,-0.5408571088,-0.3666584811,1.800815471,-1.185529523,0.8570787456,1.266205901,0.8985497997,0.08789142389,-0.2695899649,0.7018431073,0.01505889174,0.03765647221,0.184084418,-0.3895473697,-1.309808267,0.6436893134,-0.9686932092,0.2832344713,1.022377371,0.7648743293,-0.6243872235,-0.696629733,0.3706067123,0.115106145,0.2140262358,0.340359462
449.2121971,0.009128707274,344.7782802,0.1426498854,0.6723101553,127.9401261,-0.002237383092,103.219397,0.02949853999,0.0002605731426,12.45802139,1.772314688,0.3880965659,-2.287332455,3.021237311,-1.295787955,1.364647898,1.439836965,0.7371339876,0.4160085039,-0.6068526581,0.8937578826,0.05729993069,0.3794108444,-0.1285490204,0.9289536747,-1.920673974,1.22042184,-0.1102584317,0.5075691529,0.1736310638,-0.161415812,0.32811708,-0.3372626931,0.1919147753,0.04224103896,0.3417543722,-0.3126334384
402.9170428,0.009529303166,311.5401369,0.09809411489,0.669875319,-46.29515428,0.0004005958919,-33.23814336,-0.04455577055,-0.002434836229,6.910420306,1.08474991,0.9725390866,-2.246725827,2.608311198,-1.499902929,0.6618939445,1.653086005,0.8441197256,0.8591463474,-0.5864054129,0.1618805221,0.1260082586,0.2453122708,0.1493067078,0.5844425208,0.04060662836,-0.4129261127,-0.2041149745,-0.702753954,0.2132490406,0.1069857379,0.4431378435,0.02044724516,-0.7318773605,0.06870832793,-0.1340985736,0.2778557282
308.1391637,0.0113362077,241.545589,0.14552937,0.676243568,-94.77787911,0.001806904537,-69.99454787,0.04743525506,0.006368249001,11.08640806,1.027504228,1.864126507,-1.252577281,2.272928227,-1.803394474,-0.5004473796,1.047959596,0.1000992207,0.9096002266,0.3171816577,0.3367710574,0.04016370607,-0.3711779019,-0.1453652527,0.8915874207,0.994148546,-0.3353829711,-0.3034915441,-1.162341324,-0.6051264087,-0.7440205048,0.05045387923,0.9035870706,0.1748905353,-0.08584455255,-0.6164901727,-0.2946719605
284.6420936,0.01526130883,230.2332877,0.1085305385,0.6723030088,-23.49707013,0.003925101128,-11.31230127,-0.03699883141,-0.003940559258,13.9321767,1.278649688,1.840857144,-0.1323169411,2.147896118,-0.6991359568,-1.082052129,0.01352959987,-0.06260142534,0.3136268401,0.5575764116,0.7476570473,0.406670419,-0.4686477586,-0.3296795896,-0.02326936345,1.12026034,-0.1250321096,1.104258517,-0.5816047492,-1.034429997,-0.1627006461,-0.5959733865,0.240394754,0.4108859899,0.3665067129,-0.09746985675,-0.1843143369
290.9388634,0.01145676166,238.0679624,0.07836903084,0.6384303241,6.296769889,-0.003804547166,7.834674646,-0.03016150771,-0.03387268466,8.017380277,1.63981503,0.355137008,0.3449122531,1.853949674,-0.3598325416,-0.2302904802,-0.4959078133,0.08037777415,0.4663222947,-0.07846462591,0.9879170546,0.2738446728,-0.7497607281,-0.05470816553,-1.485720136,0.4772291942,-0.2939464443,0.3393034152,0.8517616486,-0.5094374132,0.1429791995,0.1526954547,-0.6360410376,0.2402600073,-0.1328257463,-0.2811129694,0.2749714241
301.8195177,0.01027509784,254.3171731,0.1509338061,0.6346930972,10.88065423,-0.001181663828,16.24921069,0.07256477531,-0.003737226874,4.401631602,1.421998721,-0.8381598666,-0.04974217947,1.083823642,-0.4573338494,1.284424698,-0.5581267953,0.04044969718,0.6401032197,-0.4605801756,1.131005928,0.09225281891,-0.4227094233,-0.07783291572,-1.193296875,-0.3946544326,-0.7701260319,-0.09750130782,1.514715178,-0.06221898201,-0.03992807697,0.173780925,-0.3821155497,0.1430888735,-0.1815918538,0.3270513048,-0.02312475018
339.6544264,0.01047304968,280.7729461,0.2149442758,0.6755915509,37.83490876,0.000197951843,26.45577309,0.06401046961,0.04089845364,3.435279475,1.30210375,-1.671916756,-0.5435197942,0.7664218099,-0.3801831494,0.9325710531,-0.327759061,0.1892234406,0.2914379954,-0.3307432793,0.9469155142,-0.09767377279,-0.2047151245,0.04709177731,-0.8337568898,-0.4937776148,-0.3174018318,0.07715069997,-0.3518536452,0.2303677343,0.1487737435,-0.3486652243,0.1298368964,-0.184090414,-0.1899265917,0.2179942988,0.124924693
279.6353855,0.02601136653,229.4309595,0.3090091516,0.7864594999,-60.01904097,0.01553831685,-51.34198665,0.09406487584,0.110867949,3.378082391,1.500323383,-1.431530334,-0.9167554968,-0.5110935164,-0.6008935166,0.09795142177,0.296327601,-0.02110112012,-0.7162817932,0.1322424739,0.3294796293,-0.238582761,0.1117067396,-0.01468069644,0.2403864224,-0.3732357025,-1.277515326,-0.2207103672,-0.8346196314,0.624086662,-0.2103245608,-1.007719789,0.4629857531,-0.6174358849,-0.1409089882,0.3164218642,-0.06177247375
