376.1985282,0.08333500093,203.0612985,0.7220052131,0.9576728568,376.1985282,0.08333500093,203.0612985,0.7220052131,0.9576728568,0,0,-5.230057131,-1.544994161,0.7267293394,0.4733517671,0.2574234099,0.7102178039,-0.04327920404,0.2136509058,-0.306562704,-0.1599061088,-0.02918171269,-0.1800081124,0.009435452735,-5.230057131,-1.544994161,0.7267293394,0.4733517671,0.2574234099,0.7102178039,-0.04327920404,0.2136509058,-0.306562704,-0.1599061088,-0.02918171269,-0.1800081124,0.009435452735
325.7226436,0.07933519185,190.1938908,0.6549053493,0.9459408077,-50.47588457,-0.003999809083,-12.86740767,-0.06709986378,-0.01173204906,0.1777609202,0,-3.525377911,0.2043102908,-0.1252917112,-0.5451141056,0.04821266002,0.8651280383,0.6041522447,-0.2977457569,-0.141204363,-0.5857469234,0.1837637117,-0.06654749962,-0.002225974361,1.70467922,1.749304452,-0.8520210506,-1.018465873,-0.2092107499,0.1549102344,0.6474314487,-0.5113966627,0.165358341,-0.4258408146,0.2129454244,0.1134606128,-0.0116614271
327.8360457,0.05427264966,159.819469,0.3137986623,0.8780047735,2.113402167,-0.02506254219,-30.37442186,-0.341106687,-0.06793603417,0.9555173268,1.417699037,-0.7812565044,-3.63261853,0.1675014336,-1.211809449,-0.8490356485,0.17607467,0.3177282265,-0.3485712506,-0.1982914424,-1.163334552,0.6944010301,-0.8224126397,0.1680582774,2.744121407,-3.836928821,0.2927931448,-0.6666953429,-0.8972483086,-0.6890533683,-0.2864240182,-0.05082549367,-0.05708707935,-0.5775876282,0.5106373184,-0.75586514,0.1702842518
249.8087111,0.06594624278,200.7802697,0.5922587073,0.920181273,-78.02733469,0.01167359312,40.96080077,0.278460045,0.04217649949,7.234829555,1.699655569,-1.551830219,-0.7800923243,-0.3439988035,-1.312468481,-0.3882589679,-0.4480506491,0.1052719103,-0.2323507336,-0.1396234512,-0.06007420615,0.3436708551,0.05883191124,0.08328006234,-0.7705737147,2.852526206,-0.5115002371,-0.1006590322,0.4607766806,-0.6241253191,-0.2124563162,0.1162205169,0.05866799114,1.103260346,-0.3507301751,0.8812445509,-0.0847782151
265.3316909,0.04745128924,205.0896377,0.5138507948,0.890134053,15.52297984,-0.01849495354,4.309367921,-0.07840791253,-0.03004722005,5.103713337,1.42422206,-2.165937734,0.591581438,0.6517021965,0.0700358239,0.1382155708,-0.2354381306,-0.3790279832,-0.2287715441,-0.09010612707,-0.1507746565,-0.223612311,-0.2051602412,0.02425075328,-0.6141075146,1.371673762,0.995701,1.382504305,0.5264745387,0.2126125185,-0.4842998935,0.003579189571,0.04951732415,-0.09070045032,-0.567283166,-0.2639921525,-0.05902930906
320.9840283,0.02847759566,226.1851577,0.284691289,0.8097483192,55.65233736,-0.01897369358,21.09551999,-0.2291595058,-0.08038573374,4.984681835,1.203888195,-3.02359184,0.1060424918,2.333767464,0.3426098195,-0.4768911569,0.8318609629,-0.1768788724,0.263925194,0.274604977,-0.08382180309,-0.09413741202,-0.01388749071,0.2341153596,-0.8576541067,-0.4855389462,1.682065267,0.2725739956,-0.6151067277,1.067299093,0.2021491108,0.492696738,0.3647111041,0.06695285338,0.1294748989,0.1912727505,0.2098646063
376.1552029,0.01503303779,247.8634172,0.3072225034,0.7817748186,55.17117466,-0.01344455787,21.67825959,0.02253121448,-0.0279735006,5.057846507,1.462024055,-4.115932467,-0.6442108145,3.136465431,1.782609793,-0.353231106,0.2445172639,0.246249696,0.876359164,0.513769056,0.2237415801,0.3108586035,-0.1193244395,0.4205315997,-1.092340626,-0.7502533063,0.8026979676,1.439999974,0.1236600509,-0.5873436989,0.4231285684,0.61243397,0.2391640789,0.3075633832,0.4049960155,-0.1054369488,0.1864162401
374.4866915,0.01097432049,279.1107126,0.1263552487,0.6742707635,-1.668511463,-0.004058717301,31.24729535,-0.1808672547,-0.1075040551,2.390211426,1.151687718,-1.063807382,-1.677454599,3.574640726,2.08443078,0.2618412708,-0.3146426509,0.2705036519,2.166816723,-0.2310717894,0.5051796617,0.1605090901,0.2985067405,0.007131015134,3.052125084,-1.033243785,0.4381752946,0.3018209868,0.6150723768,-0.5591599148,0.02425395581,1.290457559,-0.7448408454,0.2814380816,-0.1503495134,0.41783118,-0.4134005846
296.8138605,0.01596195132,232.1624277,0.1508891469,0.6782982138,-77.67283094,0.004987630837,-46.94828493,0.02453389822,0.004027450247,5.277244896,1.052099433,-0.295572262,-0.8605346852,3.572893929,2.230635258,-0.3438045704,-0.2882017037,0.3908821684,2.29400829,-0.7795517991,1.064916015,-0.1598673018,0.2904751178,-0.02125020289,0.7682351203,0.8169199142,-0.00174679689,0.1462044782,-0.6056458412,0.02644094724,0.1203785166,0.1271915673,-0.5484800097,0.5597363534,-0.3203763919,-0.008031622702,-0.02838121802
263.0636104,0.02140091939,219.0560358,0.1559393703,0.6815253132,-33.75025009,0.005438968071,-13.10639185,0.005050223391,0.003227099457,5.518340709,1.316176119,-0.922683891,-0.6929194686,2.591619377,1.479062515,-0.006142690975,0.1765181339,0.6639581443,0.5216457868,0.2629879246,0.9501191137,0.3651679361,-0.2177284608,0.3001998107,-0.627111629,0.1676152166,-0.9812745515,-0.7515727437,0.3376618794,0.4647198376,0.2730759758,-1.772362504,1.042539724,-0.1147969015,0.5250352379,-0.5082035786,0.3214500135
341.9893847,0.01921446103,277.0253361,0.2981867164,0.7604651863,78.92577425,-0.002186458366,57.96930033,0.1422473461,0.07893987304,1.7855002,1.440761144,-0.9315368759,0.2874628213,0.7623814417,0.8331115259,1.147255013,0.3488031069,0.1220842556,0.2634252867,0.7210037012,0.6171633239,0.1387954753,-0.07275914816,-0.006240600423,-0.008852984874,0.9803822899,-1.829237936,-0.6459509888,1.153397704,0.172284973,-0.5418738886,-0.2582205002,0.4580157765,-0.3329557898,-0.2263724608,0.1449693127,-0.3064404111
