320.351245,0.01368626177,278.8021521,0.08121521015,0.615845255,320.351245,0.01368626177,278.8021521,0.08121521015,0.615845255,0,0,1.993789052,2.42423017,3.082285875,0.7982495594,0.4671657042,-1.026320924,-0.09551204806,0.3052663739,0.3389616679,1.114991172,-0.2150408978,-0.4726639178,0.4606687675,1.993789052,2.42423017,3.082285875,0.7982495594,0.4671657042,-1.026320924,-0.09551204806,0.3052663739,0.3389616679,1.114991172,-0.2150408978,-0.4726639178,0.4606687675
306.1339167,0.02106203704,233.8056271,0.1643437661,0.7323654799,-14.2173283,0.007375775269,-44.99652498,0.08312855593,0.1165202249,6.60355233,0,0.8913942862,-0.6605778121,3.40645428,0.662791708,0.3337317025,0.4926177545,-0.6937058219,0.5220533809,-0.4419162356,1.113993491,-0.7563342782,-0.1038412711,0.1423154944,-1.102394766,-3.084807982,0.3241684054,-0.1354578514,-0.1334340017,1.518938678,-0.5981937739,0.216787007,-0.7808779034,-0.0009976804691,-0.5412933803,0.3688226467,-0.3183532731
276.2245217,0.02928347029,195.4580031,0.1689239125,0.7669005121,-29.90939495,0.008221433252,-38.34762401,0.00458014643,0.03453503219,7.975317918,1.467753829,2.752736501,-1.327785238,1.661416668,-0.4493727215,-0.06603007294,0.7322918369,-0.1884744528,-0.03993993637,-0.7486186438,-0.03854637928,-0.1522322064,-0.2407022795,-0.3975037921,1.861342214,-0.6672074258,-1.745037612,-1.112164429,-0.3997617754,0.2396740824,0.5052313691,-0.5619933172,-0.3067024082,-1.152539871,0.6041020718,-0.1368610084,-0.5398192865
254.8438283,0.03051219081,171.8248966,0.1550427332,0.7620032942,-21.38069346,0.001228720512,-23.63310647,-0.01388117931,-0.004897217931,8.894394092,1.28040519,1.684178847,-0.4693366847,0.6670116222,-0.6565596274,-0.9983537386,0.07396865353,0.1181009301,0.04814931263,0.1486169574,-0.6900938108,-0.3192006837,-0.6281808576,-0.2180193841,-1.068557653,0.8584485532,-0.9944050461,-0.2071869059,-0.9323236656,-0.6583231834,0.3065753828,0.088089249,0.8972356012,-0.6515474316,-0.1669684773,-0.3874785781,0.1794844081
367.125728,0.01753514717,262.781402,0.1527349205,0.7231764628,112.2818997,-0.01297704364,90.95650538,-0.002307812695,-0.0388268314,9.840347946,1.445437008,1.959689447,-0.1272731135,1.514883574,-0.7506522831,-1.368986582,-0.2350621473,-0.2405293724,0.1732356089,-0.08145410008,0.207720773,-0.2277538911,-0.6029751514,-0.5315655096,0.2755105998,0.3420635712,0.8478719516,-0.09409265574,-0.3706328431,-0.3090308008,-0.3586303025,0.1250862963,-0.2300710575,0.8978145839,0.09144679255,0.02520570616,-0.3135461255
319.4967416,0.01697772964,238.9228574,0.09992874203,0.6951240301,-47.62898638,-0.0005574175281,-23.85854467,-0.05280617848,-0.0280524327,7.979447294,1.120494129,2.982725231,1.635957192,2.010810119,-1.225145693,-0.5728636288,0.01098761706,0.6395309359,0.6683809054,0.1921238789,0.01696805635,-0.1280180962,-0.5868348891,-0.4371684075,1.023035784,1.763230306,0.4959265452,-0.4744934097,0.7961229529,0.2460497643,0.8800603083,0.4951452964,0.273577979,-0.1907527167,0.09973579489,0.01614026234,0.09439710205
334.814566,0.02020513489,262.8379602,0.3001763576,0.7712436406,15.31782442,0.003227405251,23.91510285,0.2002476156,0.07611961046,9.480414711,1.595674355,2.707077408,1.498456703,1.02367482,-0.6954493776,-0.1923665313,0.04818592053,0.1946818843,0.7772190377,0.1699646665,-0.1220061265,-0.212761868,-0.3112144557,0.03463949824,-0.2756478224,-0.1375004894,-0.9871352995,0.5296963152,0.3804970975,0.03719830347,-0.4448490516,0.1088381323,-0.02215921239,-0.1389741829,-0.08474377178,0.2756204334,0.4718079058
346.1323789,0.02084395794,266.1282131,0.2362926018,0.7763663649,11.31781294,0.0006388230531,3.290252926,-0.06388375586,0.005122724301,5.783394875,1.633879357,-0.172309557,-0.493891295,1.070155788,0.01810822683,0.5290608263,0.2004302508,0.5141092801,0.05542169287,-0.4694083322,-0.006300729724,0.02877544844,0.2098753234,-0.05065765054,-2.879386965,-1.992347998,0.04648096887,0.7135576044,0.7214273576,0.1522443303,0.3194273958,-0.7217973448,-0.6393729988,0.1157053968,0.2415373165,0.5210897791,-0.08529714878
337.4323332,0.02109627874,257.0118928,0.2460923112,0.7810917111,-8.700045755,0.0002523207983,-9.116320383,0.009799709466,0.004725346206,2.250651704,1.639597477,0.6279948055,-0.427652233,0.9165846862,-0.9578045306,0.4199498717,0.08881152772,0.3728236024,0.5155158563,-0.2944794784,-0.1223909637,-0.06636148392,-0.7446986814,-0.2585903262,0.8003043625,0.066239062,-0.1535711022,-0.9759127575,-0.1091109546,-0.1116187231,-0.1412856777,0.4600941634,0.1749288538,-0.116090234,-0.09513693236,-0.9545740048,-0.2079326757
335.1204988,0.02063841327,279.6267721,0.1368605795,0.7137027339,-2.311834392,-0.0004578654699,22.6148793,-0.1092317318,-0.06738897711,0.8672411343,1.572872969,-0.2900262894,0.686866773,0.6585922592,0.5184492673,0.9809838408,0.1671149091,-0.1104321769,0.2002507846,0.4630543059,0.1459414973,-0.2346845809,-0.3857564212,-0.05910508556,-0.9180210949,1.114519006,-0.257992427,1.476253798,0.5610339691,0.07830338135,-0.4832557793,-0.3152650717,0.7575337843,0.268332461,-0.1683230969,0.3589422602,0.1994852407
217.9248332,0.02191868962,188.3048458,0.1068214154,0.6582963571,-117.1956656,0.001280276352,-91.32192624,-0.0300391641,-0.05540637688,0.235050514,1.38819635,-1.452835776,-0.08567343761,0.3711805122,0.2526166204,0.6446771044,-0.3456963653,-0.4835799852,0.2640978695,0.4044984344,0.717936055,0.2175140051,0.004863348017,0.2093121147,-1.162809487,-0.7725402106,-0.287411747,-0.2658326468,-0.3363067364,-0.5128112744,-0.3731478083,0.0638470849,-0.05855587149,0.5719945577,0.4521985859,0.3906197693,0.2684172003
