289.1163373,0.03092786201,201.7479971,0.2665926316,0.7987664826,289.1163373,0.03092786201,201.7479971,0.2665926316,0.7987664826,0,0,1.224117286,0.1684790052,0.6966516004,-0.479311844,-1.051803217,0.8296435685,0.2030480435,-0.7411149472,-0.9436392512,-0.5699220784,-0.04624861051,-0.06045041484,0.06809498363,1.224117286,0.1684790052,0.6966516004,-0.479311844,-1.051803217,0.8296435685,0.2030480435,-0.7411149472,-0.9436392512,-0.5699220784,-0.04624861051,-0.06045041484,0.06809498363
359.0643002,0.02686914475,249.4431712,0.170481719,0.7771821823,69.94796282,-0.004058717257,47.69517413,-0.09611091263,-0.02158430027,2.936232902,0,1.27691396,0.1887036514,0.5829301549,-0.4138196741,-1.456196779,0.5189923056,0.4924415639,-1.006910958,-0.5447334531,-0.4224218133,0.02932409894,-0.04889629099,-0.01428125094,0.05279667365,0.02022464624,-0.1137214455,0.0654921699,-0.4043935616,-0.3106512628,0.2893935204,-0.2657960105,0.3989057981,0.1475002651,0.07557270945,0.01155412384,-0.08237623457
353.5265253,0.04111242266,230.6026694,0.3370447568,0.8559888407,-5.537774816,0.01424327791,-18.84050181,0.1665630378,0.07880665834,6.678530915,1.119113917,0.641534204,-2.294721731,-0.764222854,0.4108159345,-0.8823206152,-0.1913531345,0.009401485179,-0.9717048489,-0.06513877738,0.5103213971,0.4707506547,-0.4685862359,-0.5081877845,-0.6353797557,-2.483425382,-1.347153009,0.8246356086,0.5738761637,-0.7103454402,-0.4830400787,0.03520610884,0.4795946757,0.9327432103,0.4414265558,-0.4196899449,-0.4939065336
325.6067842,0.03231866051,205.7468228,0.2674900089,0.8270270426,-27.91974116,-0.008793762156,-24.85584661,-0.06955474795,-0.02896179805,6.787976008,1.594849227,-0.4606494265,-0.6556074246,0.1487660065,1.002009597,-1.084838401,-0.9710435224,-0.381560096,-0.7781061668,0.2325006971,0.3784650894,0.06520180595,-0.1617685993,-0.2480771628,-1.10218363,1.639114306,0.9129888605,0.5911936626,-0.202517786,-0.7796903878,-0.3909615812,0.1935986821,0.2976394745,-0.1318563077,-0.4055488488,0.3068176366,0.2601106217
313.7514248,0.03336303915,202.8379568,0.2848897274,0.8225908069,-11.85535941,0.00104437864,-2.908866015,0.01739971852,-0.004436235696,5.865645991,1.52084498,-0.2777458057,-1.005900773,0.3134534658,1.081477743,-1.00407995,-0.8567469769,-0.2110832415,-1.075864287,0.3640354269,0.3362463894,-0.4457473536,-0.06652129151,-0.1728512541,0.1829036208,-0.3502933485,0.1646874592,0.07946814578,0.08075845109,0.1142965455,0.1704768545,-0.2977581197,0.1315347298,-0.04221869994,-0.5109491596,0.09524730777,0.07522590863
322.3273986,0.03822660198,213.462602,0.2429993403,0.8229086907,8.575973806,0.004863562831,10.62464525,-0.04189038714,0.0003178838077,6.808416237,1.090332491,1.629123436,-0.6362287749,-0.1384443748,0.4934264569,-0.7442962218,-0.07028356541,0.5268815166,-1.324617562,0.2275722618,0.1404317135,-0.1140105423,0.03316577718,-0.3549010661,1.906869241,0.3696719982,-0.4518978406,-0.588051286,0.2597837283,0.7864634115,0.7379647581,-0.248753275,-0.1364631652,-0.1958146759,0.3317368113,0.09968706869,-0.1820498119
272.3099729,0.03648704911,210.8316406,0.3605521925,0.8261937881,-50.01742564,-0.001739552866,-2.630961488,0.1175528523,0.003285097367,7.965127594,1.294077265,1.633713802,-0.3734654014,-0.1810759591,0.7056886099,-0.467088705,-0.5982089076,1.272481819,-0.2343607635,0.4202972753,-0.1055999384,0.3172403237,-0.3896367022,-0.3454649821,0.004590366197,0.2627633735,-0.04263158427,0.212262153,0.2772075168,-0.5279253422,0.7456003028,1.090256798,0.1927250136,-0.246031652,0.431250866,-0.4228024794,0.009436083939
298.298993,0.02256101606,241.4923111,0.3020928303,0.7746484318,25.9890201,-0.01392603305,30.66067052,-0.05845936226,-0.05154535625,4.322794276,1.63261419,0.8093215917,0.1093557761,0.1269954449,0.3496334699,-0.5266252965,-0.6002126728,0.6629996187,0.3404855606,-0.09906466585,0.08760216601,0.2788677756,-0.4005646178,-0.1180661591,-0.8243922102,0.4828211775,0.3080714039,-0.35605514,-0.05953659147,-0.002003765152,-0.6094822007,0.5748463241,-0.5193619412,0.1932021044,-0.0383725481,-0.01092791553,0.2273988231
339.2109576,0.01607015817,277.1275393,0.160342735,0.6989195913,40.91196461,-0.006490857883,35.63522818,-0.1417500953,-0.0757288405,1.802435355,1.409050278,-0.09126905664,0.1095086019,0.2938767409,0.4022290892,0.05957059887,-0.2397566579,0.4370624068,0.5233358343,0.107544997,0.223832396,0.09939559302,-0.3412936316,-0.1001660489,-0.9005906484,0.0001528258266,0.166881296,0.05259561934,0.5861958954,0.3604560149,-0.2259372119,0.1828502738,0.2066096628,0.13623023,-0.1794721826,0.05927098618,0.01790011019
282.2454979,0.02314736257,233.7187919,0.2218020155,0.7437499531,-56.96545971,0.007077204393,-43.40874732,0.06145928051,0.04483036173,1.24848688,1.360566814,-1.165317501,0.3360916489,0.3140160151,0.2013516588,0.3317196023,-0.1210839878,0.009032359971,0.4318029967,0.2280462127,0.5291939958,0.2590248956,-0.2244369124,-0.07477377959,-1.074048444,0.226583047,0.02013927417,-0.2008774304,0.2721490034,0.1186726701,-0.4280300469,-0.09153283766,0.1205012157,0.3053615998,0.1596293026,0.1168567192,0.02539226928
