368.0876495,0.05080428832,235.6800077,0.3646882561,0.878472719,368.0876495,0.05080428832,235.6800077,0.3646882561,0.878472719,0,0,-1.440143963,-0.9184833521,-0.2674418159,-0.2713147318,1.925149603,-1.127809594,-0.5942157382,-0.4981982479,-0.5354432103,0.2734275595,0.09067145671,-0.6943941802,-0.1464678172,-1.440143963,-0.9184833521,-0.2674418159,-0.2713147318,1.925149603,-1.127809594,-0.5942157382,-0.4981982479,-0.5354432103,0.2734275595,0.09067145671,-0.6943941802,-0.1464678172
369.1038722,0.05133818754,235.0459872,0.3692366165,0.8802844911,1.016222634,0.0005338992259,-0.6340204168,0.004548360428,0.001811772104,0.1268050677,0,-0.4006062745,0.1437470398,-0.1216891369,-0.5294446104,0.3322170685,-0.4971740422,-0.5881787164,0.05294497075,-0.1013894049,0.08889447079,0.1311602587,-0.1477971728,0.01695712215,1.039537689,1.062230392,0.1457526791,-0.2581298786,-1.592932535,0.630635552,0.006037021802,0.5511432186,0.4340538054,-0.1845330887,0.04048880203,0.5465970074,0.1634249393
379.843155,0.04212147254,267.5566809,0.3415699533,0.8520455354,10.73928289,-0.009216715005,32.51069367,-0.02766666327,-0.02823895567,0.2849571065,1.233015437,-0.4455335343,0.02630619494,-0.3653324303,-0.3779458666,0.03887986731,-0.53717621,-0.4045904505,-0.0172427894,-0.06195246694,-0.01538008576,-0.09399886584,-0.01714700676,0.03328540361,-0.04492725978,-0.1174408448,-0.2436432934,0.1514987438,-0.2933372012,-0.04000216784,0.1835882659,-0.07018776016,0.03943693798,-0.1042745566,-0.2251591246,0.1306501661,0.01632828145
399.6855434,0.03712265531,290.0692971,0.3144566304,0.8384958072,19.84238837,-0.004998817224,22.51261614,-0.02711332284,-0.01354972818,0.11529304,1.487139028,-0.4495767686,0.3658316962,0.1008117795,-0.248720092,0.166177415,-0.5108395074,-0.5217069009,0.254996046,0.2127730802,0.2109974088,0.03995416764,-0.03201103154,0.09381931696,-0.004043234261,0.3395255013,0.4661442098,0.1292257746,0.1272975476,0.02633670265,-0.1171164504,0.2722388354,0.2747255471,0.2263774946,0.1339530335,-0.01486402478,0.06053391335
397.5872094,0.03485828404,292.0706468,0.3134583505,0.8322921739,-2.098334054,-0.002264371272,2.001349713,-0.0009982799548,-0.006203633357,0.1258616184,1.279976373,-0.3484516115,0.2227625808,-0.3321200059,-0.3007399169,0.04219941214,-0.2715011012,-0.2111541266,0.2147145317,0.1216623044,-0.03003177947,-0.09913377315,-0.1787132728,0.06477939707,0.1011251571,-0.1430691154,-0.4329317854,-0.05201982496,-0.1239780028,0.2393384062,0.3105527743,-0.04028151431,-0.09111077572,-0.2410291883,-0.1390879408,-0.1467022412,-0.02903991989
382.8539067,0.03568671384,276.325893,0.3437979886,0.845508172,-14.73330266,0.0008284297943,-15.74475375,0.03033963816,0.01321599819,0.131882843,1.224094618,-0.6295978988,0.1823664276,0.01348167887,-0.2326761506,0.2561333467,-0.00320414372,-0.2637335144,0.2291721352,0.1611292573,0.1226115512,-0.09284033262,-0.155474044,0.0827449488,-0.2811462872,-0.04039615321,0.3456016848,0.06806376637,0.2139339345,0.2682969575,-0.05257938781,0.0144576035,0.03946695282,0.1526433306,0.006293440534,0.02323922871,0.01796555174
319.9100081,0.07094452665,170.1852114,0.4862615687,0.9209730477,-62.94389855,0.03525781281,-106.1406816,0.14246358,0.07546487561,1.003388906,1.549839566,-2.466733052,-1.459248924,1.59717974,-1.121026993,-0.3497551207,-0.4640216938,-1.427620171,-0.2109161232,-0.07855436562,0.382368833,-0.6437068459,0.1540651428,0.3676826937,-1.837135153,-1.641615352,1.583698061,-0.8883508429,-0.6058884673,-0.46081755,-1.163886656,-0.4400882584,-0.2396836229,0.2597572818,-0.5508665133,0.3095391869,0.2849377449
257.7044295,0.03903113794,169.2975307,0.2719714605,0.8396167432,-62.20557867,-0.03191338871,-0.8876807762,-0.2142901081,-0.08135630445,10.75967956,1.865737645,-1.153661716,-1.147533548,2.416522833,-1.286745281,0.06597584415,-1.129077471,-1.257462625,-0.8405652191,-0.2507087126,0.2599104275,-0.5828687228,0.1360087486,0.2898925399,1.313071336,0.3117153768,0.8193430938,-0.165718288,0.4157309648,-0.665055777,0.1701575455,-0.6296490959,-0.172154347,-0.1224584055,0.06083812313,-0.01805639425,-0.07779015374
368.5507091,0.03334237302,223.4069582,0.2139003626,0.8317187064,110.8462796,-0.005688764921,54.10942755,-0.05807109792,-0.007898036826,5.943411813,1.446763294,-0.08050572234,-1.435489262,2.363401704,-1.805748196,0.3250244447,-1.241721064,-0.9162300218,-1.240180657,-0.3403132068,0.4317842555,-0.4559231228,-0.2433006479,0.3996156816,1.073155994,-0.2879557147,-0.0531211293,-0.5190029144,0.2590486005,-0.1126435934,0.3412326033,-0.3996154382,-0.08960449416,0.1718738279,0.1269456,-0.3793093965,0.1097231417
350.9458151,0.03374467071,212.4200623,0.253832098,0.8391715838,-17.60489392,0.0004022976926,-10.98689593,0.0399317354,0.007452877457,6.62829231,0.853542349,-0.03094088694,-1.65638659,2.320756526,-2.137443922,0.5140422529,-1.054436912,-0.8995084557,-1.249559886,0.1180330125,0.2740180085,-0.1800026905,-0.4041047061,0.1915805251,0.0495648354,-0.2208973281,-0.04264517845,-0.3316957263,0.1890178082,0.1872841517,0.01672156612,-0.009379228502,0.4583462192,-0.1577662469,0.2759204323,-0.1608040582,-0.2080351566
309.9546395,0.07611392061,293.5736415,0.6918337415,0.9469024321,-40.99117568,0.04236924991,81.15357926,0.4380016435,0.1077308483,7.189788223,1.257299352,-4.20159588,0.8345763484,-0.2585908881,0.08259692233,-0.5908231166,-0.7068219983,-1.199278074,-0.717126792,-0.1541517669,-0.2322964066,0.07189310326,-0.3310927652,0.1385109372,-4.170654993,2.490962939,-2.579347414,2.220040844,-1.10486537,0.3476149142,-0.2997696181,0.5324330937,-0.2721847793,-0.5063144151,0.2518957938,0.07301194091,-0.0530695879
368.3193269,0.06414381315,360.0113464,0.5898230556,0.9306702917,58.36468744,-0.01197010746,66.43770483,-0.1020106859,-0.01623214038,2.617179388,1.670368673,-7.105127115,1.879413513,-0.7037066221,0.3786849256,0.01966628145,-0.295307226,-0.5329699152,-0.358288081,-0.07272487016,0.03504223224,0.362790236,-0.392867498,0.01359160833,-2.903531235,1.044837164,-0.445115734,0.2960880032,0.6104893981,0.4115147723,0.6663081586,0.3588387111,0.08142689671,0.2673386388,0.2908971327,-0.06177473285,-0.1249193289
394.463139,0.05954766379,344.7331932,0.5332639962,0.9199901076,26.14381207,-0.004596149366,-15.27815317,-0.05655905942,-0.01068018412,1.956745205,1.177052199,-8.441982555,1.817835666,-0.7286122617,0.04907005767,0.05648381315,-0.5064757739,-0.3999800224,-0.0257411481,-0.1715696877,-0.1331366294,0.4161978527,-0.2394258228,-0.0788965838,-1.33685544,-0.06157784709,-0.02490563965,-0.3296148679,0.0368175317,-0.211168548,0.1329898929,0.3325469329,-0.09884481756,-0.1681788616,0.05340761671,0.1534416753,-0.09248819213
406.7662134,0.05895650457,307.9488886,0.5501738948,0.9275040758,12.30307445,-0.0005911592188,-36.78430457,0.01690989854,0.007513968185,2.557955714,1.039324364,-8.825632867,1.663762267,-0.6201216662,-0.425974178,0.5954455509,-0.6413924706,-0.3793472092,-0.1690061522,-0.2458602173,-0.3061491385,0.1742209974,-0.4068482096,-0.1529807888,-0.3836503119,-0.1540733984,0.1084905955,-0.4750442357,0.5389617377,-0.1349166966,0.02063281322,-0.1432650041,-0.07429052959,-0.1730125091,-0.2419768553,-0.1674223869,-0.07408420497
393.0804346,0.06174851713,294.0555877,0.5707829619,0.9293420176,-13.68577879,0.002792012567,-13.89330095,0.02060906712,0.001837941824,1.956812546,1.169701088,-8.660605526,1.577425269,-1.17446835,-0.1035051769,0.6320418085,-0.6516154668,0.05204155481,-0.1461705416,0.1736249687,-0.05242816147,0.1387068637,-0.6683786714,-0.1667937567,0.1650273415,-0.08633699881,-0.5543466839,0.3224690011,0.03659625759,-0.01022299621,0.431388764,0.02283561061,0.419485186,0.2537209771,-0.03551413367,-0.2615304617,-0.01381296793
381.8519272,0.06209066656,277.6475735,0.6061045628,0.9314763761,-11.22850742,0.0003421494291,-16.40801417,0.03532160088,0.002134358476,1.930054013,1.129686257,-7.491447464,1.320170934,-0.3982874721,-0.4593686363,0.4700329726,-0.5312287073,0.2551638039,-0.5279894509,-0.2901158336,-0.5417083567,0.318676594,-0.2514827452,-0.1803812284,1.169158061,-0.2572543342,0.7761808779,-0.3558634594,-0.1620088359,0.1203867595,0.2031222491,-0.3818189094,-0.4637408023,-0.4892801952,0.1799697303,0.4168959261,-0.01358747165
367.2494639,0.07146136068,255.8578148,0.6745690786,0.9479195725,-14.60246329,0.009370694119,-21.78975874,0.06846451583,0.01644319645,2.086080651,1.245665431,-6.002248697,1.02514889,-0.3869798106,-0.7397553524,0.8898026771,-0.978114721,0.230860965,0.1825316662,0.1072657807,-0.1609989493,0.1302053836,0.09063984633,-0.4012684368,1.489198767,-0.2950220448,0.01130766156,-0.2803867161,0.4197697045,-0.4468860137,-0.02430283891,0.7105211171,0.3973816143,0.3807094074,-0.1884712104,0.3421225916,-0.2208872084
