269.9953113,0.01878793304,221.0713412,0.3025264938,0.7628309819,269.9953113,0.01878793304,221.0713412,0.3025264938,0.7628309819,0,0,0.1439231113,-1.452655859,-0.05647653343,0.8147783295,0.7603423355,0.1743587888,1.058154659,0.07673556323,-0.1680816015,-0.08687012711,0.3959255355,-0.3448479763,-0.08407818925,0.1439231113,-1.452655859,-0.05647653343,0.8147783295,0.7603423355,0.1743587888,1.058154659,0.07673556323,-0.1680816015,-0.08687012711,0.3959255355,-0.3448479763,-0.08407818925
309.2742838,0.03162643452,213.4259754,0.3231068786,0.8182703949,39.27897249,0.01283850147,-7.645365875,0.02058038476,0.05543941306,9.879619494,0,2.698518203,-1.03692914,0.8542043141,-2.104791475,-0.28798404,-0.7830960172,0.550036721,-1.123716757,-0.08678135969,-0.05522895019,-0.2957882875,0.2217522163,-0.1767150676,2.554595092,0.4157267191,0.9106808475,-2.919569804,-1.048326375,-0.957454806,-0.5081179378,-1.20045232,0.08130024178,0.03164117692,-0.691713823,0.5666001927,-0.09263687835
289.2144272,0.03276924231,184.3474586,0.1771316398,0.7944576929,-20.0598566,0.001142807796,-29.07851682,-0.1459752387,-0.02381270201,6.534973948,1.592018448,1.618225892,-0.8725343424,-0.0981994434,-3.347718253,-0.2758531737,-0.292589383,0.3608208017,-1.078249098,0.2160349132,0.1305460931,-0.3584217146,0.3827745878,-0.05522134743,-1.080292311,0.1643947979,-0.9524037575,-1.242926778,0.01213086629,0.4905066341,-0.1892159193,0.04546765917,0.3028162729,0.1857750433,-0.06263342711,0.1610223715,0.1214937202
310.6475935,0.04393121213,188.2247116,0.3183563649,0.8517107573,21.43316632,0.01116196982,3.877253063,0.1412247251,0.05725306439,7.896244042,1.340512762,1.493694657,-2.58232681,0.07902326442,-2.284825436,-0.1797748771,-0.2368420336,0.1626178683,-1.565221874,-0.1029702793,0.7975412723,-0.393523014,0.2354891219,-0.08779438005,-0.1245312346,-1.709792468,0.1772227078,1.062892817,0.09607829662,0.05574734948,-0.1982029334,-0.4869727764,-0.3190051925,0.6669951792,-0.03510129939,-0.1472854659,-0.03257303261
312.5195496,0.04731299008,173.1109329,0.2834602922,0.8578198326,1.871956102,0.003381777946,-15.11377868,-0.03489607271,0.006109075339,6.83644868,1.433395945,1.013706742,-3.435356663,1.26697103,-0.5376026622,-0.5382219941,-0.4272730768,-0.6607987221,-1.152518529,-0.1927077699,0.5111126892,-0.4281623479,-0.2783694132,-0.09744396595,-0.4799879154,-0.8530298528,1.187947766,1.747222774,-0.3584471169,-0.1904310433,-0.8234165904,0.4127033459,-0.08973749064,-0.2864285831,-0.03463933396,-0.5138585351,-0.009649585908
379.3552895,0.03096829866,214.3107992,0.1531372996,0.8302168374,66.83573995,-0.01634469142,41.19986629,-0.1303229926,-0.02760299523,6.30694744,1.230636038,0.8605809208,-3.204781953,0.9626386463,0.4740094541,-0.6626394266,-0.5977083331,-0.8671503919,-1.163340015,0.0183865183,-0.01913662044,-0.3445733744,-0.4329348363,-0.1056122605,-0.1531258211,0.2305747096,-0.3043323838,1.011612116,-0.1244174325,-0.1704352563,-0.2063516698,-0.01082148698,0.2110942883,-0.5302493096,0.08358897352,-0.1545654231,-0.008168294549
359.3666428,0.02807456535,234.4463413,0.2111950889,0.8041176778,-19.98864672,-0.002893733313,20.13554205,0.05805778927,-0.02609915959,3.714530428,1.37362682,1.765108779,-2.793215611,0.04044462195,1.147134219,0.4217099353,-0.7954056573,-0.8597168088,-1.612291545,-0.218007229,0.4166568464,-0.7172921326,-0.6517757806,-0.2449462851,0.9045278578,0.4115663419,-0.9221940244,0.6731247649,1.084349362,-0.1976973242,0.00743358313,-0.4489515298,-0.2363937473,0.4357934668,-0.3727187582,-0.2188409443,-0.1393340246
352.1806715,0.02907877945,215.4585014,0.1209026541,0.7923699049,-7.185971357,0.001004214107,-18.98783985,-0.09029243473,-0.01174777296,2.14564931,1.561286725,3.464204203,-3.273966034,-1.140731561,1.31850631,0.5900795585,-0.9433769511,-0.2814758404,-1.700887765,-0.2767758075,0.6666118277,-0.7942733623,-0.37251654,-0.1803318688,1.699095425,-0.4807504228,-1.181176183,0.1713720907,0.1683696232,-0.1479712938,0.5782409684,-0.08859621929,-0.05876857855,0.2499549813,-0.07698122964,0.2792592406,0.06461441635
314.2198182,0.04765540466,174.4667574,0.1865067451,0.8242554574,-37.96085326,0.0185766252,-40.99174407,0.06560409094,0.0318855525,2.050048417,1.034116849,1.253961342,-2.901022284,-0.6792193613,0.9628074194,0.1797688779,-0.6861079916,-0.7278694173,-1.240983041,-0.532929797,0.446161039,-0.4253620993,-0.4843204443,0.1532727114,-2.210242861,0.3729437503,0.4615121997,-0.3556988904,-0.4103106807,0.2572689595,-0.4463935768,0.4599047238,-0.2561539894,-0.2204507887,0.3689112629,-0.1118039043,0.3336045801
358.7984741,0.04767221093,194.4207248,0.2407606095,0.8563434396,44.57865587,1.680627548e-05,19.95396745,0.05425386445,0.03208798222,2.421657922,1.438313959,-0.06352826338,-2.97754589,0.3987663565,1.286589687,-0.3481944067,-0.4329760083,-0.1096123805,-0.6894009607,-0.3399050681,0.6125209389,-0.1118601275,-0.5434451711,-0.042972738,-1.317489605,-0.07652360649,1.077985718,0.3237822672,-0.5279632846,0.2531319833,0.6182570368,0.55158208,0.1930247289,0.1663599,0.3135019718,-0.05912472686,-0.1962454494
295.6518719,0.05998029003,133.7917045,0.2887287077,0.8706576622,-63.14660217,0.0123080791,-60.62902031,0.04796809813,0.01431422257,0.414815163,1.653562329,-1.177447138,-3.19569614,-0.3886509195,0.7117926126,-0.3863424174,-0.3169387201,0.4074225709,-0.007372574973,-0.03052931923,0.7847276823,0.03281339421,-0.5184460989,-0.04790282834,-1.113918874,-0.2181502492,-0.7874172761,-0.574797074,-0.03814801075,0.1160372883,0.5170349514,0.6820283857,0.3093757489,0.1722067434,0.1446735217,0.02499907221,-0.004930090336
