380.5945252,0.02197656297,314.7925902,0.1931205561,0.7393038496,380.5945252,0.02197656297,314.7925902,0.1931205561,0.7393038496,0,0,-0.570508364,0.4691228795,0.3265631443,-0.3254828096,0.2579894415,-0.1662846608,-0.05913632837,0.1815407764,0.08702141931,0.1821908063,-0.04286094995,-0.0975745155,0.07752326214,-0.570508364,0.4691228795,0.3265631443,-0.3254828096,0.2579894415,-0.1662846608,-0.05913632837,0.1815407764,0.08702141931,0.1821908063,-0.04286094995,-0.0975745155,0.07752326214
383.246088,0.01591635529,323.5672947,0.1845764274,0.7081654724,2.651562815,-0.006060207674,8.774704501,-0.008544128758,-0.03113837725,2.876319638,0,-0.1752160262,0.435506362,0.3139993768,0.2653343811,0.2215678596,-0.2126124931,0.06206520169,0.2809230912,-0.06284279665,0.09183349021,0.1904435516,-0.08801627637,0.01297914906,0.3952923377,-0.03361651749,-0.01256376753,0.5908171907,-0.03642158191,-0.04632783223,0.1212015301,0.09938231483,-0.149864216,-0.09035731605,0.2333045015,0.009558239133,-0.06454411308
408.2062105,0.01744051585,336.4474746,0.2037005369,0.7440086529,24.96012252,0.001524160558,12.8801799,0.01912410953,0.03584318059,6.051799582,1.557448242,1.573989523,1.979346843,0.1489200599,-0.127012854,-0.6409704731,0.02157654136,0.3769096077,0.7030759666,-0.4981556858,0.269192753,-0.5288822399,-0.2815375357,-0.3101120577,1.749205549,1.543840481,-0.1650793169,-0.3923472351,-0.8625383327,0.2341890344,0.314844406,0.4221528754,-0.4353128892,0.1773592628,-0.7193257915,-0.1935212594,-0.3230912067
269.7886301,0.02310059977,222.790481,0.179949978,0.737977995,-138.4175805,0.005660083916,-113.6569935,-0.02375055895,-0.006030657894,8.292156897,1.302486261,2.034337181,2.020801163,-0.3467256606,-0.2897084009,-0.9400425852,-0.05744678514,0.4457416668,1.272213759,-0.885844794,0.4329422905,-0.6635211781,-0.3222099715,-0.4827302244,0.4603476579,0.04145431998,-0.4956457205,-0.1626955469,-0.2990721121,-0.07902332651,0.06883205912,0.5691377921,-0.3876891082,0.1637495375,-0.1346389382,-0.04067243574,-0.1726181668
408.0909612,0.01605822258,332.3287121,0.2544277371,0.7406873933,138.3023312,-0.007042377191,109.5382311,0.07447775918,0.002709398273,8.860734886,1.456465556,1.075905797,2.657239804,-0.05398658155,-0.56197584,-0.5069670896,-0.1265722334,-0.03193038288,1.406717171,-0.6096070004,0.2576282474,-0.469874143,-0.05821506192,-0.586766791,-0.958431384,0.6364386406,0.2927390791,-0.2722674392,0.4330754956,-0.06912544823,-0.4776720497,0.1345034127,0.2762377937,-0.1753140431,0.1936470352,0.2639949095,-0.1040365666
317.6780804,0.01920495759,267.2024177,0.1289780092,0.7067618439,-90.41288084,0.003146735017,-65.12629443,-0.1254497279,-0.03392554937,11.32679413,1.082438667,1.019534578,2.141097981,-0.1314457623,0.198098891,-1.199383983,-0.2692331149,0.6677138374,1.708074427,-0.6133174491,0.1267217066,-0.02868998867,0.06764691961,-0.6928834321,-0.05637121888,-0.5161418231,-0.07745918077,0.760074731,-0.6924168929,-0.1426608815,0.6996442202,0.301357255,-0.003710448752,-0.1309065408,0.4411841543,0.1258619815,-0.1061166411
309.512629,0.0210441113,257.2845278,0.1428691701,0.7107539963,-8.165451368,0.00183915371,-9.917889878,0.01389116086,0.003992152332,8.310071499,1.191371564,1.65767346,2.405657536,0.2279368576,0.1263084452,-0.9207007335,0.1397235888,0.3640269012,1.85344421,-0.4406627932,0.1926953979,-0.2060369686,0.2944632418,-0.7461619154,0.6381388823,0.2645595552,0.3593826199,-0.07179044584,0.2786832491,0.4089567037,-0.3036869361,0.1453697837,0.1726546559,0.06597369128,-0.17734698,0.2268163222,-0.05327848321
369.4574429,0.02101605237,311.7639823,0.158924701,0.7017012882,59.94481386,-2.805893466e-05,54.47945452,0.01605553091,-0.009052708108,10.05431483,1.254471268,1.207263129,2.490246358,0.6597612839,0.4006624721,-0.2760057606,0.3339486612,-0.2393252747,1.209134375,0.09038888386,0.7189986884,-0.171613881,0.2769489323,-0.3190048996,-0.4504103307,0.08458882157,0.4318244264,0.2743540269,0.6446949729,0.1942250724,-0.6033521759,-0.6443098354,0.5310516771,0.5263032905,0.03442308767,-0.01751430947,0.4271570158
327.4509439,0.01779775158,281.12298,0.1293901815,0.6808412068,-42.00649898,-0.003218300787,-30.64100233,-0.02953451944,-0.02086008134,6.417172233,1.291041429,0.594858207,1.737078381,0.6228445364,0.4168189302,0.1208220083,-0.01714531611,-0.2009914329,0.8789634813,0.2715322682,0.6948996724,0.1532642569,0.08958093097,-0.2360362005,-0.6124049225,-0.7531679763,-0.03691674749,0.0161564581,0.3968277689,-0.3510939773,0.03833384177,-0.3301708935,0.1811433844,-0.02409901598,0.3248781379,-0.1873680013,0.08296869902
328.7266691,0.02883187674,275.7072757,0.259710094,0.7833574084,1.275725227,0.01103412516,-5.415704251,0.1303199125,0.1025162016,5.158822717,1.414343871,-0.007392180619,1.097702868,-0.03667915572,0.2945507411,-0.8502841202,-0.1683234456,-0.3372449297,0.7890942774,-0.02078835334,1.086079693,0.0898168702,-0.0431156639,-0.3027701766,-0.6022503876,-0.6393755137,-0.6595236921,-0.122268189,-0.9711061285,-0.1511781295,-0.1362534968,-0.08986920388,-0.2923206216,0.3911800204,-0.0634473867,-0.1326965949,-0.06673397611
