242.8219101,0.01935798949,188.7002539,0.2520272173,0.7462250983,242.8219101,0.01935798949,188.7002539,0.2520272173,0.7462250983,0,0,0.7865328484,1.235220087,1.704056384,-0.1855635718,0.09844923034,-0.8508555998,-0.217751555,-0.1028169625,0.00169946875,0.5240286699,0.4581548307,0.01726803116,-0.3046081225,0.7865328484,1.235220087,1.704056384,-0.1855635718,0.09844923034,-0.8508555998,-0.217751555,-0.1028169625,0.00169946875,0.5240286699,0.4581548307,0.01726803116,-0.3046081225
259.112976,0.01556038702,194.1718928,0.09055691758,0.671835133,16.29106588,-0.00379760247,5.471638858,-0.1614702997,-0.07438996536,9.468387031,0,2.189764035,1.565142515,3.11688498,-1.801943318,0.8749344883,-0.5089562391,0.08850937795,-0.01940630953,-0.6759241225,0.925578219,0.1855821087,-0.4093952564,-0.09171164545,1.403231187,0.3299224276,1.412828597,-1.616379746,0.776485258,0.3418993608,0.306260933,0.08341065296,-0.6776235913,0.4015495491,-0.2725727219,-0.4266632876,0.212896477
302.4401313,0.01755989923,227.1267072,0.09608783954,0.6743993109,43.32715532,0.001999512211,32.95481444,0.00553092196,0.002564177872,9.70194837,1.311934565,3.096723416,1.229103189,3.447166899,-2.254774131,0.4303050142,-0.1315146694,-0.1176369757,0.2124547979,-0.6949975362,1.082365327,0.4783703127,-0.4958338378,0.06927094471,0.9069593806,-0.336039326,0.3302819187,-0.4528308126,-0.4446294741,0.3774415696,-0.2061463536,0.2318611074,-0.01907341363,0.1567871077,0.2927882039,-0.08643858137,0.1609825902
204.8429697,0.02909313472,146.6326128,0.1922851762,0.7397676188,-97.59716158,0.01153323549,-80.4940944,0.09619733668,0.06536830796,12.61650412,1.417098042,3.280394808,0.3498456434,3.655108088,-2.182501233,0.1779846175,-0.5843013691,-0.6205370177,0.4671087711,-0.8903943579,0.8741200357,0.4402325583,-0.4554682001,-0.1301604714,0.1836713919,-0.8792575455,0.2079411887,0.07227289759,-0.2523203968,-0.4527866997,-0.5029000421,0.2546539732,-0.1953968218,-0.208245291,-0.03813775434,0.04036563767,-0.1994314161
256.9876809,0.02957251085,162.4111068,0.129692672,0.7668564303,52.14471117,0.0004793761252,15.77849398,-0.06259250422,0.02708881147,9.359457361,1.485398172,4.264096071,-1.489814736,2.364999737,-2.518429863,0.3193945537,-1.152395632,-0.1192841671,1.176731965,-0.820901175,-0.3626852018,-0.3669424499,-0.1489344466,-1.008827541,0.9837012635,-1.83966038,-1.290108351,-0.3359286296,0.1414099362,-0.5680942632,0.5012528506,0.7096231936,0.06949318289,-1.236805237,-0.8071750083,0.3065337535,-0.8786670693
337.943503,0.03861036054,217.2384701,0.2233831663,0.817360092,80.95582217,0.009037849693,54.82736331,0.09369049435,0.05050366173,11.16336608,1.335630191,4.457901689,-3.00651358,0.528693958,-2.250249852,1.781547487,-0.2756619014,-0.8426592195,0.4625897539,-0.6541549963,-0.7343443074,-1.057023291,0.4245790373,-0.336611306,0.1938056176,-1.516698844,-1.836305779,0.2681800109,1.462152933,0.876733731,-0.7233750524,-0.7141422108,0.1667461788,-0.3716591057,-0.6900808413,0.5735134839,0.6722162346
316.4183155,0.03559633347,186.0670928,0.1452133203,0.8044560411,-21.52518758,-0.003014027076,-31.17137731,-0.07816984609,-0.01290405097,8.647156381,1.014055044,3.853469661,-2.572249535,-0.6941459458,-1.232763523,1.847441619,0.2588633025,-1.190677686,-0.4611807626,0.1416353521,-0.3084782162,-0.7314913018,0.5182174533,-0.2795592083,-0.6044320282,0.434264045,-1.222839904,1.017486329,0.06589413267,0.5345252039,-0.3480184665,-0.9237705166,0.7957903484,0.4258660912,0.3255319894,0.09363841596,0.05705209773
267.2646425,0.02819413105,162.7176902,0.2124841727,0.7981150453,-49.15367301,-0.007402202417,-23.34940262,0.0672708524,-0.006340995752,6.585139758,1.415733523,2.474181412,-2.355006788,-0.9314491757,0.40926043,1.32756657,-0.08229559096,-1.064650399,-0.1261555576,0.4093308247,-0.2165946675,-0.5033979735,0.06630366012,-0.2888793146,-1.379288248,0.2172427467,-0.2373032299,1.642023953,-0.5198750497,-0.3411588935,0.126027287,0.335025205,0.2676954725,0.09188354865,0.2280933283,-0.4519137932,-0.009320106283
320.4198839,0.03473849915,199.7986651,0.3207659619,0.8413311976,53.1552414,0.006544368103,37.08097487,0.1082817893,0.04321615235,2.617598131,1.734610464,0.4909015476,-2.626518543,-0.9674176209,0.6568870769,1.141584533,-0.5974776189,-0.9907169818,-0.2774021808,0.03631958645,-0.2425689329,-0.3406019577,-0.038938844,-0.2786528149,-1.983279865,-0.2715117545,-0.03596844515,0.2476266469,-0.1859820367,-0.515182028,0.0739334172,-0.1512466232,-0.3730112382,-0.02597426535,0.1627960158,-0.1052425041,0.01022649966
353.0864082,0.03649109465,217.019523,0.3578231824,0.8573502926,32.66652435,0.001752595494,17.22085798,0.03705722044,0.01601909499,0.8213359856,1.633907992,-0.9931946314,-1.835746565,-1.135451732,0.2457743443,0.7482478848,-0.5203554633,-0.8197912703,-0.0105587065,0.3657013512,0.204803926,0.04537674311,0.09331580928,-0.09970810309,-1.484096179,0.7907719773,-0.1680341113,-0.4111127326,-0.3933366481,0.07712215559,0.1709257115,0.2668434743,0.3293817648,0.4473728589,0.3859787008,0.1322546533,0.1789447118
364.3623699,0.02642944987,263.4063786,0.3430920293,0.8259611441,11.27596167,-0.01006164477,46.38685554,-0.01473115303,-0.03138914853,0.2851721437,1.870766474,-1.612940651,-0.7215821752,-0.2138584681,-0.2605059388,0.06039410471,-0.5913535296,-0.7860077515,-0.2776133953,0.2409627513,0.263416816,0.1034485322,-0.07667026623,0.1137210652,-0.6197460198,1.11416439,0.9215932641,-0.5062802832,-0.6878537801,-0.07099806627,0.0337835188,-0.2670546888,-0.1247385999,0.05861288997,0.05807178913,-0.1699860755,0.2134291683
243.850513,0.02843073226,194.8086911,0.3114506253,0.8009718199,-120.5118569,0.002001282389,-68.59768746,-0.03164140402,-0.02498932424,0.121686165,1.458051001,-1.568335751,-0.6219767198,-0.3154232495,-0.2146388167,0.1248631542,-0.4777202379,-0.4699911277,0.01668084959,0.1316455259,0.398775924,0.1794363172,-0.04613188924,-0.007802608504,0.04460490015,0.09960545538,-0.1015647815,0.04586712215,0.06446904954,0.1136332917,0.3160166238,0.2942942449,-0.1093172254,0.1353591081,0.07598778494,0.03053837699,-0.1215236737
