370.7717652,0.08396309757,220.0834259,0.6835087485,0.9508939547,370.7717652,0.08396309757,220.0834259,0.6835087485,0.9508939547,0,0,-1.939333235,-0.6047100522,-0.1682046238,-0.2335047364,0.40705369,0.2655672189,-0.565806951,-0.9205121411,-0.1667976386,0.2329522039,0.03244976958,-0.1311589369,-0.02541251096,-1.939333235,-0.6047100522,-0.1682046238,-0.2335047364,0.40705369,0.2655672189,-0.565806951,-0.9205121411,-0.1667976386,0.2329522039,0.03244976958,-0.1311589369,-0.02541251096
292.5416004,0.08261215195,191.0320849,0.4693137958,0.8991847072,-78.23016478,-0.001350945623,-29.05134103,-0.2141949527,-0.05170924757,1.135493267,0,-4.950761625,-2.573579412,-0.9528988337,0.03193981261,0.6885295421,-0.03654508455,-0.5458243689,-0.8375134226,-0.5621835529,-0.01459324061,0.1582951472,0.2379079024,-0.08292938255,-3.01142839,-1.96886936,-0.7846942099,0.265444549,0.2814758521,-0.3021123034,0.01998258207,0.08299871853,-0.3953859143,-0.2475454445,0.1258453776,0.3690668393,-0.05751687159
263.8725318,0.04848389119,137.8610788,0.1834518648,0.8282866304,-28.66906866,-0.03412826076,-53.17100611,-0.285861931,-0.07089807671,10.89596654,1.785995166,1.334373916,-1.907679528,-0.2264911092,-1.908985962,0.2915939463,-0.3297096645,-0.5455652277,-0.253506048,-1.369362061,0.3480884066,0.5257227624,-0.2312734073,0.2030957148,6.285135541,0.6658998837,0.7264077245,-1.940925775,-0.3969355958,-0.2931645799,0.0002591411929,0.5840073746,-0.8071785081,0.3626816472,0.3674276152,-0.4691813097,0.2860250974
346.6273172,0.04215590178,188.5539848,0.1926667443,0.8277622772,82.75478545,-0.006327989412,50.69290599,0.009214879514,-0.0005243532909,8.210639593,1.558368654,0.4400735323,-3.18383296,-1.126576981,-2.007164887,-0.02360403339,-0.496194196,-0.7104051057,0.1601474366,-0.8198149853,0.8969802488,0.8342262312,-0.2949093952,0.2911924549,-0.8943003837,-1.276153432,-0.9000858716,-0.09817892445,-0.3151979797,-0.1664845315,-0.1648398779,0.4136534846,0.5495470757,0.5488918421,0.3085034688,-0.06363598792,0.08809674011
407.2353139,0.04142476603,232.7095346,0.1897293755,0.8279826259,60.6079967,-0.0007311357529,44.15554978,-0.002937368793,0.0002203487105,6.570310262,1.054047021,0.3644319043,-3.224714886,-1.74882054,-1.47922354,0.06550338788,-0.3061524637,-0.4531483375,0.2240792538,-0.7327779154,0.6879918927,0.9190584487,-0.4782423409,0.03285097107,-0.07564162802,-0.04088192588,-0.6222435593,0.5279413466,0.08910742127,0.1900417323,0.2572567682,0.06393181723,0.08703706995,-0.2089883561,0.08483221751,-0.1833329456,-0.2583414839
370.33751,0.05023754752,200.4582348,0.181617969,0.8325438986,-36.89780391,0.008812781499,-32.25129976,-0.008111406472,0.004561272733,7.470880722,1.172527505,0.7724043337,-3.564092869,-1.811408671,-0.8729878853,-0.007940432896,-0.8990183439,-1.097232864,0.198491408,-0.8340978618,0.5135307286,0.9482146269,-0.4962479298,0.3047635015,0.4079724294,-0.3393779834,-0.06258813125,0.6062356549,-0.07344382077,-0.5928658802,-0.6440845261,-0.02558784585,-0.1013199464,-0.1744611641,0.02915617818,-0.01800558894,0.2719125304
264.2802443,0.04992518003,113.5893628,0.1887458988,0.8332152595,-106.0572657,-0.000312367499,-86.86887195,0.007127929777,0.0006713609014,7.318119074,1.208330676,1.110277426,-2.899141548,-0.5487848744,0.1346584431,0.9781013575,-1.399296315,-1.078227057,0.05657733657,-0.4630493807,0.2687170969,0.2640756117,-0.3004035032,0.3829585519,0.3378730921,0.6649513206,1.262623797,1.007646328,0.9860417904,-0.5002779706,0.01900580614,-0.1419140714,0.371048481,-0.2448136317,-0.6841390152,0.1958444266,0.0781950504
342.7194639,0.05082022776,219.9520705,0.4768142455,0.8894049906,78.43921963,0.0008950477369,106.3627077,0.2880683467,0.05618973108,5.085021198,1.470412112,1.485365318,-2.347952276,-1.346932839,-0.5604859586,0.5954288814,-1.261281292,-1.20321147,0.4365330947,-0.5134498935,0.5392013816,0.6912225822,-0.2058769015,0.2178399159,0.3750878921,0.5511892726,-0.798147965,-0.6951444017,-0.3826724762,0.1380150224,-0.1249844124,0.3799557582,-0.05040051276,0.2704842846,0.4271469705,0.0945266017,-0.1651186359
348.952593,0.04345916453,198.8903731,0.2947619662,0.85161678,6.233129051,-0.007361063229,-21.06169747,-0.1820522793,-0.03778821054,0.5802823942,1.85676409,-1.091743613,-2.000334448,0.1651087944,1.285491552,1.612184695,-1.041228948,-0.04851525335,-0.8675549032,-0.02735126804,0.199481008,0.3443519248,-0.5435956202,-0.04349427559,-2.577108931,0.3476178274,1.512041634,1.845977511,1.016755813,0.2200523441,1.154696216,-1.304087998,0.4860986255,-0.3397203735,-0.3468706574,-0.3377187187,-0.2613341915
362.890962,0.04139738045,214.7843984,0.3701296426,0.8571349874,13.93836902,-0.002061784089,15.89402535,0.0753676763,0.005518207354,0.2474453154,1.461431306,0.4989250804,-1.768258844,0.7736753584,1.870268407,1.846492836,-1.170816871,-0.1688086637,-0.8716249864,-0.9209624379,0.3065459259,-0.2312617512,-1.169897742,-0.2977037463,1.590668693,0.2320756046,0.608566564,0.5847768552,0.234308141,-0.129587923,-0.1202934103,-0.004070083248,-0.8936111698,0.1070649179,-0.575613676,-0.626302122,-0.2542094707
