264.9150859,0.02275398468,201.8966203,0.1776376802,0.7432214386,264.9150859,0.02275398468,201.8966203,0.1776376802,0.7432214386,0,0,0.7363289185,-0.562914053,-0.2682629511,1.049547423,0.8025992569,-1.020879716,-0.2731204569,1.23169201,0.5958991655,-0.03552982123,0.2528256871,0.5584021105,0.07886523652,0.7363289185,-0.562914053,-0.2682629511,1.049547423,0.8025992569,-1.020879716,-0.2731204569,1.23169201,0.5958991655,-0.03552982123,0.2528256871,0.5584021105,0.07886523652
356.6109753,0.02360128202,254.6086516,0.1864284525,0.7611055018,91.69588933,0.000847297339,52.71203124,0.008790772315,0.01788406315,10.12954149,0,4.457501363,-0.3410546867,-2.170910986,-0.7949560421,0.5061723498,-0.9155533459,-0.415027537,0.8672527836,0.4301369316,-0.7863549178,-0.3672324622,0.1541899005,-0.2471329739,3.721172444,0.2218593662,-1.902648035,-1.844503465,-0.2964269071,0.1053263698,-0.14190708,-0.3644392265,-0.1657622339,-0.7508250966,-0.6200581493,-0.40421221,-0.3259982104
302.9253409,0.03006251721,197.5985207,0.06556623374,0.7561423397,-53.68563441,0.006461235191,-57.01013082,-0.1208622188,-0.004963162059,6.894771387,1.457313335,4.66821545,-0.587686543,-3.078827777,-1.158080606,1.450853189,-0.25238386,-0.6683912182,0.1907434809,0.2671301436,-0.9742825055,-0.4608771857,0.2200605082,-0.2048242638,0.2107140868,-0.2466318563,-0.907916791,-0.3631245636,0.9446808389,0.663169486,-0.2533636812,-0.6765093027,-0.163006788,-0.1879275877,-0.09364472355,0.06587060768,0.04230871017
287.7221748,0.03881015186,195.620726,0.202625821,0.7940458873,-15.20316606,0.008747634649,-1.977794776,0.1370595873,0.03790354759,8.769294754,1.345787824,5.683819948,0.1035050807,-2.597698779,-1.374328423,1.402543634,0.5225471541,-0.5535777131,-0.4802141713,-0.2976027748,-0.42367248,-0.3856824146,-0.2169296895,-0.3533840076,1.015604498,0.6911916237,0.4811289977,-0.2162478173,-0.04830955472,0.7749310141,0.1148135051,-0.6709576523,-0.5647329185,0.5506100255,0.0751947711,-0.4369901977,-0.1485597439
322.9669495,0.03251952148,226.4394249,0.1294034213,0.7642651909,35.2447747,-0.00629063038,30.81869898,-0.0732223997,-0.02978069644,7.833312066,1.299202371,4.126196874,0.5391228352,-1.886162985,-1.314017789,1.632480042,1.632079127,0.1329046058,-0.5895897318,-0.6988130379,-0.1094998706,0.2206692786,-0.04854356353,-0.2347679696,-1.557623074,0.4356177545,0.7115357942,0.06031063365,0.229936408,1.109531973,0.686482319,-0.1093755605,-0.401210263,0.3141726093,0.6063516932,0.168386126,0.118616038
376.067149,0.0271398363,269.3007161,0.278083873,0.8077156117,53.10019954,-0.005379685183,42.86129118,0.1486804516,0.04345042088,6.397344758,1.421168131,1.695844009,-0.4595536965,-1.665646669,0.114707463,2.099184472,1.077362225,-0.6542578261,-0.5185792047,-0.1089782672,0.05208050554,-0.146167579,-0.05691069783,0.0984364535,-2.430352865,-0.9986765317,0.2205163163,1.428725252,0.4667044299,-0.5547169018,-0.7871624319,0.0710105271,0.5898347707,0.1615803762,-0.3668368576,-0.008367134293,0.3332044231
293.0000745,0.05583461433,249.1473569,0.5742098384,0.925429773,-83.06707451,0.02869477803,-20.15335923,0.2961259655,0.1177141613,3.208918534,1.558416634,-4.004521065,-0.1781159847,0.1329880011,-0.2966683035,1.908949846,-0.1933419365,-0.8276351636,-0.6899817274,0.1542564782,0.465563223,0.2445785378,-0.6220804614,-0.1627335863,-5.700365074,0.2814377118,1.79863467,-0.4113757665,-0.1902346261,-1.270704162,-0.1733773376,-0.1714025228,0.2632347454,0.4134827175,0.3907461168,-0.5651697636,-0.2611700398
345.6024516,0.05414134708,265.0779195,0.5637292784,0.9158072363,52.60237703,-0.001693267246,15.93056263,-0.01048056001,-0.009622536754,2.922617958,1.652606182,-8.641268534,0.1786849773,0.2421819219,-1.524243488,0.9381413235,-0.8394002121,0.255999393,-0.5238714129,-0.1794612832,0.1850812637,0.1463112012,0.06771006611,-0.3429385168,-4.636747469,0.356800962,0.1091939208,-1.227575184,-0.9708085222,-0.6460582756,1.083634557,0.1661103145,-0.3337177613,-0.2804819593,-0.09826733664,0.6897905275,-0.1802049305
387.6964565,0.05095973259,233.1734923,0.5236462134,0.9079841579,42.09400499,-0.00318161449,-31.90442724,-0.04008306498,-0.007823078381,1.526531436,1.189848097,-9.350911463,1.154346973,0.6903305854,-1.827437457,0.43566945,-1.251741591,0.08425471567,-0.2667679228,-0.02485288077,0.1396833203,0.1705941658,0.1506785061,-0.04731529147,-0.7096429287,0.9756619959,0.4481486635,-0.3031939695,-0.5024718734,-0.4123413788,-0.1717446773,0.2571034901,0.1546084024,-0.04539794342,0.02428296463,0.08296844001,0.2956232253
287.1170126,0.06443162892,295.0546881,0.5364202928,0.9152956706,-100.5794439,0.01347189632,61.88119582,0.01277407941,0.007311512753,2.87833305,0.9124339289,-6.742489772,0.4013729809,1.041284454,-1.034924671,1.14820843,-1.048527763,0.1559978225,0.1913535749,-0.1557413906,-0.19311186,0.1900190457,0.1792858384,-0.2661333443,2.608421691,-0.7529739922,0.3509538684,0.7925127867,0.7125389796,0.2032138279,0.07174310682,0.4581214977,-0.1308885098,-0.3327951803,0.01942487987,0.02860733229,-0.2188180529
