332.6292515,0.04335698256,166.8667751,0.2678371685,0.8396632447,332.6292515,0.04335698256,166.8667751,0.2678371685,0.8396632447,0,0,-2.717129847,-3.250890319,-0.7501328417,1.930142965,2.262543498,-1.883213649,0.1894363009,-1.14913527,0.4163515416,1.341781946,-0.267819156,0.2389774073,0.04174191736,-2.717129847,-3.250890319,-0.7501328417,1.930142965,2.262543498,-1.883213649,0.1894363009,-1.14913527,0.4163515416,1.341781946,-0.267819156,0.2389774073,0.04174191736
160.2562816,0.04374475191,101.8251928,0.2729212267,0.8229297323,-172.3729699,0.0003877693502,-65.04158231,0.005084058217,-0.0167335124,3.922127457,0,-0.4930132398,-2.120511512,-1.569396148,-1.314344765,2.027767445,0.4629922196,0.672047607,-0.6222086106,-0.5218397361,0.1905477669,0.09440751624,0.2117679808,-0.2887956211,2.224116607,1.130378806,-0.8192633063,-3.24448773,-0.2347760524,2.346205868,0.4826113061,0.5269266591,-0.9381912778,-1.151234179,0.3622266723,-0.02720942649,-0.3305375384
348.1079744,0.03708981475,196.9697422,0.2875936591,0.8339077463,187.8516928,-0.006654937158,95.14454944,0.01467243238,0.01097801402,2.761133355,1.65573661,-0.8471645873,-1.466610017,-1.050207554,-0.6477595209,1.898953201,0.9376078677,0.8911500824,-1.059148111,-0.704960535,0.170525103,-0.03868570949,0.1984421871,-0.03900384544,-0.3541513476,0.653901495,0.5191885939,0.6665852438,-0.1288142439,0.474615648,0.2191024754,-0.4369395007,-0.1831207988,-0.02002266391,-0.1330932257,-0.01332579369,0.2497917756
210.8998956,0.02848588805,158.1941859,0.2982373143,0.7966797079,-137.2080788,-0.008603926697,-38.77555633,0.01064365524,-0.03722803845,9.416134562,1.068551799,-0.7254843347,-1.864209934,-0.9395025731,-0.8201662323,1.647637646,1.219399185,1.739446808,0.3860425848,-0.1159036729,0.01663759129,-0.1744475588,-0.234482907,0.03657050949,0.1216802527,-0.3975999166,0.110704981,-0.1724067114,-0.251315555,0.2817913177,0.8482967258,1.445190696,0.589056862,-0.1538875117,-0.1357618494,-0.4329250941,0.07557435493
323.0081006,0.01149462414,266.0536051,0.09596591297,0.6202964276,112.1082051,-0.01699126391,107.8594192,-0.2022714014,-0.1763832802,14.52266214,1.512363888,1.869280319,1.184647554,1.043865095,0.0902683512,-0.2776164046,1.539411528,0.05601006627,1.540919714,0.8150297223,0.06534494666,1.094217117,0.4797753727,-0.2989609805,2.594764654,3.048857488,1.983367668,0.9104345835,-1.925254051,0.3200123428,-1.683436742,1.154877129,0.9309333952,0.04870735538,1.268664676,0.7142582797,-0.33553149
275.0662394,0.01604608269,228.0036432,0.2483677928,0.7048392727,-47.94186119,0.00455145855,-38.04996194,0.1524018798,0.08454284507,11.3895324,1.128255238,2.044887906,1.81973933,1.814039966,0.6947048712,-0.5255744711,0.8288005125,-0.5401438237,0.428092931,0.5879162039,0.2408872537,0.9138915763,0.26265817,0.001504345679,0.1756075868,0.6350917762,0.7701748704,0.60443652,-0.2479580665,-0.7106110157,-0.5961538899,-1.112826783,-0.2271135184,0.175542307,-0.1803255405,-0.2171172027,0.3004653262
284.6185276,0.01695940827,229.2828062,0.05320753247,0.6551387953,9.552288123,0.0009133255783,1.279163072,-0.1951602603,-0.04970047744,14.35529739,1.38127513,3.027514201,1.138756146,1.80829044,0.537502068,-0.9382636649,1.346490621,-1.365021294,0.7614942218,-0.0009646573877,0.1579896815,0.8981287412,-0.3814437169,-0.1657102397,0.9826262956,-0.6809831841,-0.005749525755,-0.1572028032,-0.4126891938,0.5176901089,-0.8248774703,0.3334012908,-0.5888808613,-0.08289757221,-0.01576283505,-0.644101887,-0.1672145854
286.2748209,0.02535321983,227.339691,0.1087590652,0.7048195883,1.656293379,0.008393811564,-1.943115254,0.05555153268,0.049680793,12.61625532,1.279386956,2.949580729,-0.398160451,0.5353675069,-0.1835783081,0.0931636129,2.023035556,-0.8085547985,1.226563371,-0.268145946,-0.1315983616,0.4301931769,-0.7834725178,-0.04864759835,-0.07793347219,-1.536916597,-1.272922933,-0.7210803761,1.031427278,0.6765449343,0.5564664955,0.4650691488,-0.2671812886,-0.2895880431,-0.4679355643,-0.4020288009,0.1170626414
377.0172509,0.0151148349,307.4424186,0.1672020925,0.7112371099,90.74242996,-0.01023838493,80.10272765,0.05844302733,0.006417521635,7.379018469,1.550467587,1.700844303,-1.036428366,1.282515471,0.7774051329,0.5837718166,0.3053478964,-0.04896390046,-0.02050048941,-0.4388561106,0.932357385,0.003526669208,-0.8292400852,0.190232329,-1.248736426,-0.6382679154,0.7471479641,0.960983441,0.4906082037,-1.717687659,0.7595908981,-1.24706386,-0.1707101647,1.063955747,-0.4266665077,-0.04576756741,0.2388799274
414.8662466,0.01203763436,346.6451101,0.2821880267,0.7171363426,37.84899572,-0.003077200544,39.2026915,0.1149859342,0.0058992327,3.568277584,1.575260076,0.4444488283,0.5100398818,1.705070533,0.6341685665,0.6811620324,0.2859865873,0.4914709171,0.1388888697,0.02333735119,0.8851309987,-0.4261581772,-0.6127330656,0.4139382405,-1.256395475,1.546468248,0.422555062,-0.1432365664,0.0973902158,-0.01936130904,0.5404348176,0.1593893591,0.4621934618,-0.04722638626,-0.4296848464,0.2165070196,0.2237059115
286.9499713,0.01253242946,246.0491175,0.07754944244,0.600497294,-127.9162753,0.0004947951052,-100.5959926,-0.2046385843,-0.1166390486,2.738926775,1.589450039,-0.4163818023,0.3504335422,1.218308334,0.5009373835,0.8804160436,0.08562982748,0.3224760876,0.2777170104,0.2377380244,0.8893923408,-0.2749482518,-0.371298518,0.4400598606,-0.8608306305,-0.1596063396,-0.4867621994,-0.133231183,0.1992540112,-0.2003567599,-0.1689948295,0.1388281407,0.2144006732,0.004261342137,0.1512099254,0.2414345477,0.02612162012
336.0954111,0.01842242923,281.6544403,0.2660223695,0.7391224783,49.14543981,0.005889999771,35.60532274,0.1884729271,0.1386251842,2.057781039,1.55710237,-1.306997198,-0.2755630694,0.2169562632,-0.05753339154,0.6039458148,-0.2693821806,-0.1661299484,0.2056542919,0.3731765294,0.7161616534,0.05645783692,0.04102745378,0.3031822352,-0.8906153954,-0.6259966116,-1.00135207,-0.558470775,-0.2764702287,-0.3550120081,-0.488606036,-0.07206271854,0.135438505,-0.1732306874,0.3314060887,0.4123259717,-0.1368776255
292.6608953,0.01353928416,241.3346422,0.2483064494,0.7279852213,-43.43451585,-0.004883145075,-40.31979805,-0.01771592011,-0.011137257,0.4068177338,1.569693108,-1.692177419,-0.4039361336,0.1167685417,-0.03498593715,0.6000112861,0.0778177398,-0.2306917321,0.1148182181,0.3213397621,0.4028735279,-0.1023534118,-0.190897724,0.1837480663,-0.3851802212,-0.1283730642,-0.1001877215,0.02254745439,-0.003934528734,0.3471999204,-0.06456178372,-0.09083607376,-0.05183676734,-0.3132881256,-0.1588112487,-0.2319251778,-0.1194341688
