248.8602332,0.04191495326,148.1809262,0.2650734974,0.842313415,248.8602332,0.04191495326,148.1809262,0.2650734974,0.842313415,0,0,0.8234347335,-1.422389736,0.4259913827,-0.6026780718,0.2859549063,1.362190213,0.1609489699,0.4694021096,-0.373624718,0.03655889741,0.1693821906,0.04210163188,0.1654385079,0.8234347335,-1.422389736,0.4259913827,-0.6026780718,0.2859549063,1.362190213,0.1609489699,0.4694021096,-0.373624718,0.03655889741,0.1693821906,0.04210163188,0.1654385079
268.9257931,0.04105998141,189.7214818,0.3030181942,0.824259573,20.06555985,-0.00085497185,41.54055559,0.03794469677,-0.01805384194,3.916648944,0,-0.7454204799,-1.846476866,-0.07852180216,-0.2728594758,0.3939834218,1.475412148,0.7872467973,0.5748626127,-0.5993849519,-0.4057113154,-0.4218107795,0.2502841644,0.2353637969,-1.568855213,-0.4240871299,-0.5045131848,0.329818596,0.1080285155,0.1132219349,0.6262978274,0.1054605032,-0.225760234,-0.4422702128,-0.59119297,0.2081825326,0.06992528901
264.098138,0.05101741055,214.3558906,0.5386972239,0.8950991534,-4.827655019,0.009957429143,24.63440885,0.2356790297,0.07083958034,11.65215486,1.597860035,-2.512591272,0.5480678498,0.4904258115,0.02023898474,0.3452520729,0.3562115117,0.3461583038,0.03206298498,-0.05275484196,-0.2304897871,-0.2874740633,-0.2495186321,-0.05770434119,-1.767170792,2.394544715,0.5689476137,0.2930984605,-0.04873134892,-1.119200637,-0.4410884934,-0.5427996278,0.54663011,0.1752215283,0.1343367162,-0.4998027965,-0.2930681381
296.3228628,0.06217693491,230.3874508,0.6255462237,0.927563446,32.22472472,0.01115952436,16.03156015,0.08684899979,0.03246429263,10.18268427,1.582378506,-3.30931673,0.4281584401,-0.2028924148,-0.7211396844,-0.4589539618,-0.4896900234,-0.1248521568,-0.3306298435,-0.6801728784,-0.2154975452,0.3756086436,0.2186390231,0.4257555894,-0.7967254586,-0.1199094097,-0.6933182263,-0.7413786691,-0.8042060347,-0.8459015351,-0.4710104607,-0.3626928284,-0.6274180364,0.01499224187,0.6630827069,0.4681576551,0.4834599306
334.7243746,0.05682099322,236.1516868,0.6357193835,0.9297473794,38.40151183,-0.005355941698,5.764236008,0.01017315986,0.002183933401,10.12347198,1.144671743,-4.021467761,-0.05507657227,-0.5050923326,-0.9491443759,-0.4922281597,-0.5498964584,-0.2688511608,-0.4513495982,-0.7159534257,-0.2431942364,0.3574730131,0.2808528489,0.5007630071,-0.7121510305,-0.4832350124,-0.3021999178,-0.2280046915,-0.03327419791,-0.06020643508,-0.143999004,-0.1207197547,-0.03578054732,-0.02769669118,-0.01813563052,0.06221382588,0.07500741771
316.2323498,0.03445675526,238.725932,0.4971661358,0.8692965884,-18.49202478,-0.02236423795,2.57424517,-0.1385532477,-0.06045079097,11.56247649,1.153659723,-1.289875036,0.9918597324,0.4322581252,-0.4261549388,0.1382905421,0.330409627,0.5495214605,0.1844547569,-0.2580522117,-0.6206379147,-0.4986473148,-0.2968468697,-0.06094445041,2.731592725,1.046936305,0.9373504578,0.5229894371,0.6305187019,0.8803060854,0.8183726214,0.6358043551,0.457901214,-0.3774436783,-0.8561203279,-0.5776997186,-0.5617074575
328.5149523,0.01510375026,257.6452418,0.0862371858,0.6754853954,12.28260247,-0.019353005,18.91930987,-0.41092895,-0.1938111931,10.48577519,1.464018027,3.220252851,-0.9646800555,1.404629225,-0.4673802323,1.541855228,0.7474786763,0.9752224689,1.011655754,-0.8348926029,0.2812916616,0.0166411434,0.2816157133,-0.2479780395,4.510127887,-1.956539788,0.9723710998,-0.04122529354,1.403564685,0.4170690493,0.4257010083,0.8272009968,-0.5768403912,0.9019295763,0.5152884582,0.5784625831,-0.1870335891
308.4080763,0.01980683139,244.8710714,0.2212537751,0.7359122434,-20.10687601,0.004703081124,-12.77417041,0.1350165893,0.060426848,9.493548845,1.253417038,0.5248444556,-1.119073756,3.63502704,-0.9113518684,0.676705357,0.1589176322,-0.2291210471,0.3853796891,0.1391362803,0.1569908576,-0.1064934778,0.3013316539,0.4271646062,-2.695408395,-0.1543937004,2.230397815,-0.4439716361,-0.8651498705,-0.5885610441,-1.204343516,-0.6262760646,0.9740288832,-0.124300804,-0.1231346211,0.01971594061,0.6751426458
390.1946458,0.02519347153,267.0968712,0.290104182,0.8218535392,81.78656952,0.005386640139,22.22579976,0.06885040688,0.08594129587,6.944733448,1.557258895,-1.111215124,-1.157770875,3.176805416,-0.7730884957,0.6984834225,-0.2500517352,0.1373061602,0.4228723638,0.2328296518,-0.1197375752,-0.4078177201,-0.2059817978,0.2278157375,-1.636059579,-0.0386971194,-0.4582216241,0.1382633727,0.02177806552,-0.4089693674,0.3664272072,0.03749267468,0.09369337153,-0.2767284328,-0.3013242424,-0.5073134518,-0.1993488688
299.8298777,0.02125735383,235.3748458,0.3177246771,0.7856741272,-90.36476809,-0.003936117694,-31.72202543,0.02762049509,-0.036179412,1.667718891,1.699445909,-0.03718902958,-0.1004353808,1.741633255,0.6508070657,0.5161336884,-0.3570933045,-0.2211366347,0.4193495903,0.2660583528,0.07509482728,-0.3918875544,-0.4952271828,0.3565017319,1.074026094,1.057335495,-1.43517216,1.423895561,-0.1823497341,-0.1070415693,-0.3584427949,-0.003522773524,0.03322870099,0.1948324025,0.01593016569,-0.289245385,0.1286859944
344.8321193,0.01380900495,285.193531,0.2261863648,0.7334070658,45.00224157,-0.007448348881,49.81868527,-0.09153831227,-0.05226706143,0.8429606588,1.458640725,-1.471508912,0.312040464,0.1550584538,0.3836249506,0.6975049782,-0.3490654885,-0.2833283883,0.2173699133,0.4452534037,0.204884168,-0.2877473963,-0.3341923839,0.09458703631,-1.434319882,0.4124758448,-1.586574802,-0.2671821151,0.1813712898,0.008027815968,-0.06219175359,-0.201979677,0.1791950509,0.1297893407,0.1041401581,0.161034799,-0.2619146956
