353.0025142,0.07231230477,315.4454505,0.6240538813,0.9407892354,353.0025142,0.07231230477,315.4454505,0.6240538813,0.9407892354,0,0,-5.638806807,1.941626087,0.5062811252,-0.04054233221,0.5813292861,-0.6812810881,-0.346194116,-0.0041200224,-0.5906272379,0.5264661023,-0.5275589309,0.1848831728,-0.08395497636,-5.638806807,1.941626087,0.5062811252,-0.04054233221,0.5813292861,-0.6812810881,-0.346194116,-0.0041200224,-0.5906272379,0.5264661023,-0.5275589309,0.1848831728,-0.08395497636
379.6877977,0.06694287698,320.8928603,0.5521121665,0.9303461319,26.68528347,-0.005369427795,5.447409819,-0.07194171479,-0.01044310357,3.067459847,0,-8.478284852,2.089665807,0.1796482455,0.003235503271,0.6500152123,-1.202846159,-0.0005573607531,0.6066706686,-0.6525809249,0.3377426578,-0.5473430006,0.192915145,-0.1583284381,-2.839478045,0.1480397205,-0.3266328797,0.04377783548,0.06868592622,-0.5215650704,0.3456367553,0.610790691,-0.06195368709,-0.1887234445,-0.0197840697,0.008031972291,-0.07437346173
400.0323596,0.06625213832,316.4154921,0.5200008862,0.9268850637,20.34456193,-0.000690738658,-4.477368144,-0.03211128036,-0.003461068109,2.697670683,1.244950886,-8.938758238,1.911405787,0.167271765,0.181205552,0.365359183,-1.028417429,-0.3246368465,0.4857001207,-0.6091994661,0.2435382751,-0.5392973756,0.1534669912,-0.1628972995,-0.4604733861,-0.1782600204,-0.0123764805,0.1779700487,-0.2846560293,0.1744287291,-0.3240794857,-0.120970548,0.04338145886,-0.09420438274,0.008045625031,-0.03944815389,-0.004568861412
399.6212637,0.06299027032,318.0540765,0.5050323059,0.9245874046,-0.4110958978,-0.003261868005,1.638584367,-0.01496858024,-0.002297659167,2.70328684,1.134262487,-9.218645683,2.118148583,0.2137378045,-0.3733927365,0.02356753025,-1.044080479,-0.563380721,0.2489801778,-0.8643384278,0.3861167849,-0.3079974827,0.1219947133,-0.1215267358,-0.2798874446,0.2067427963,0.04646603949,-0.5545982885,-0.3417916528,-0.01566304965,-0.2387438746,-0.2367199428,-0.2551389617,0.1425785099,0.2312998929,-0.03147227783,0.04137056373
418.3045014,0.06097061219,297.9335807,0.5130037135,0.9255932312,18.68323762,-0.002019658126,-20.12049583,0.007971407599,0.001005826667,2.793902245,1.205817086,-9.236788375,1.719391136,0.1632295448,-0.1949636798,0.2355527103,-0.8394981868,-0.04399430978,0.811108673,-0.4297556359,0.5143265952,-0.1975320565,0.01973618893,-0.163381616,-0.01814269174,-0.398757447,-0.05050825968,0.1784290568,0.2119851801,0.2045822923,0.5193864112,0.5621284951,0.4345827919,0.1282098103,0.1104654261,-0.1022585244,-0.0418548802
416.9260185,0.06125883956,293.6434442,0.523527794,0.9254823463,-1.378482918,0.000288227375,-4.290136487,0.0105240805,-0.0001108849633,2.958498351,1.110732913,-9.325757845,1.990225776,0.6033418867,-0.1176084108,0.2249198078,-0.6278555785,-0.1729946893,0.7790495643,-0.6517143578,0.4525276598,-0.4454988191,0.06857918939,-0.1536475351,-0.08896947063,0.2708346399,0.4401123418,0.07735526898,-0.0106329025,0.2116426082,-0.1290003795,-0.03205910863,-0.2219587218,-0.0617989354,-0.2479667626,0.04884300046,0.009734080867
393.4284848,0.06274281526,296.5379684,0.5697475462,0.9323833079,-23.49753367,0.001483975699,2.894524159,0.04621975217,0.006900961642,3.144223449,1.20084508,-9.408640553,1.540656639,0.4258324163,-0.6410922964,0.3008574398,-1.001111784,-0.5446911328,0.3681411947,-0.6192076173,0.5295120248,-0.5462021385,-0.1588587392,-0.2227534745,-0.08288270829,-0.449569137,-0.1775094703,-0.5234838856,0.07593763194,-0.3732562054,-0.3716964436,-0.4109083696,0.03250674051,0.07698436498,-0.1007033194,-0.2274379286,-0.0691059394
289.1517161,0.05781876535,276.2254924,0.5813055193,0.9200184353,-104.2767686,-0.004924049913,-20.31247597,0.01155797315,-0.01236487267,9.304726166,1.052702653,-3.054553317,1.537533953,0.2325570899,-0.6975114546,0.2114878879,-0.3699359019,-0.4981563308,-0.6045878082,-0.8170894342,0.5022939342,-0.2571902093,-0.2171886604,-0.06784952876,6.354087236,-0.00312268564,-0.1932753264,-0.05641915821,-0.08936955184,0.631175882,0.04653480205,-0.9727290029,-0.1978818169,-0.02721809057,0.2890119292,-0.05832992116,0.1549039457
375.9683898,0.03959694665,255.8855623,0.3093655544,0.8361270478,86.81667368,-0.0182218187,-20.33993013,-0.2719399649,-0.08389138744,7.713046205,1.354691783,0.2948761434,0.6871931241,-0.2510647929,-1.573101462,-0.4260713162,-0.6629916966,-0.3915608419,-0.8214386959,-0.6157841458,0.2925669718,0.08398727556,-0.05476352293,0.09933556334,3.34942946,-0.8503408294,-0.4836218828,-0.875590007,-0.6375592041,-0.2930557947,0.1065954889,-0.2168508877,0.2013052884,-0.2097269624,0.3411774849,0.1624251375,0.1671850921
372.0855436,0.03674625715,255.0560992,0.2227404338,0.8028985022,-3.88284623,-0.0028506895,-0.829463074,-0.08662512057,-0.03322854563,7.739747835,0.9824648011,1.225027938,-0.08500235527,-0.9018955254,-1.274161031,-0.8481815354,-0.8189440744,-0.0955620986,-0.6851826354,-0.3102565952,0.2950248759,0.7903041837,-0.08978027131,0.1990942335,0.9301517944,-0.7721954793,-0.6508307325,0.2989404307,-0.4221102192,-0.1559523778,0.2959987433,0.1362560605,0.3055275506,0.002457904063,0.7063169081,-0.03501674838,0.09975867012
364.9480866,0.0294737057,249.0851286,0.2014640738,0.7954674414,-7.137456955,-0.007272551454,-5.9709706,-0.02127636008,-0.007431060745,6.699516545,1.154400264,0.7760499956,-0.2439655897,-1.049278993,-0.4314756032,-1.057412818,-0.9001775675,0.119650273,-0.7764925138,-0.4045138776,0.3485483593,1.054856086,-0.4212893183,0.1537403804,-0.4489779422,-0.1589632344,-0.1473834672,0.8426854277,-0.2092312823,-0.08123349308,0.2152123716,-0.09130987846,-0.09425728242,0.05352348346,0.2645519026,-0.331509047,-0.04535385304
375.3385835,0.03242756951,255.998346,0.2080548406,0.80148819,10.39049691,0.002953863815,6.913217423,0.006590766868,0.006020748519,4.393881977,1.339569693,1.494499407,-0.2447633972,-1.169128424,-0.2159668194,-0.9619291331,-0.9293366643,-0.428555888,-0.9468075908,-0.4897362564,0.4272569829,1.050666869,-0.2404019685,0.1974329033,0.7184494113,-0.0007978075282,-0.1198494309,0.2155087838,0.09548368462,-0.02915909682,-0.5482061609,-0.1703150769,-0.08522237883,0.07870862359,-0.004189216874,0.1808873498,0.04369252284
375.7026134,0.03252497746,250.7469078,0.2168531129,0.817576665,0.3640298333,9.740794507e-05,-5.251438163,0.008798272289,0.01608847507,2.386237044,1.410625694,-0.06779750705,-0.9121843133,-0.1752291514,0.3159342125,-0.6302250526,-1.938648566,-0.404147775,-0.8062037966,-0.5160975778,0.9894423666,0.1245064161,0.1751299772,-0.5865572531,-1.562296914,-0.6674209161,0.9938992721,0.5319010319,0.3317040806,-1.009311902,0.02440811297,0.1406037941,-0.02636132137,0.5621853836,-0.9261604534,0.4155319457,-0.7839901564
365.7264313,0.04331758438,228.6187835,0.3080505133,0.8504855233,-9.976182076,0.01079260692,-22.12812439,0.09119740038,0.03290885827,1.408504918,1.194207325,0.1717604929,-1.047206416,1.339012754,1.264593823,-0.6924083818,-2.112409223,-0.5881433028,-0.4960530837,-0.3686591725,-0.1401390485,-0.08905035842,-0.1643649638,-0.02654095344,0.2395579999,-0.1350221022,1.514241906,0.9486596107,-0.06218332924,-0.1737606565,-0.1839955278,0.3101507129,0.1474384053,-1.129581415,-0.2135567745,-0.339494941,0.5600162997
375.1347646,0.04189702916,214.1555424,0.2733547113,0.8439361132,9.408333312,-0.001420555221,-14.46324108,-0.03469580203,-0.006549410098,1.229203786,1.320738441,-0.9902306919,-1.929094233,2.419678803,1.951565732,-1.114282421,-1.406176114,-0.3267446597,0.278410079,-0.5702478985,-0.4705022485,-0.3986017787,0.4303767226,0.03682204575,-1.161991185,-0.8818878173,1.080666049,0.6869719092,-0.4218740392,0.7062331087,0.261398643,0.7744631627,-0.201588726,-0.3303632,-0.3095514202,0.5947416863,0.06336299919
409.7960679,0.0370864608,236.3832809,0.2991367959,0.8459053723,34.6613033,-0.004810568364,22.22773851,0.02578208466,0.001969259096,0.6723211181,1.322342202,-0.5927840863,-1.517845076,2.228679035,1.926848185,-1.179337563,-1.502932152,-0.4054353044,0.2560910625,-0.9779067945,-0.274488721,-0.1413913448,0.1430631344,-0.333143436,0.3974466056,0.411249157,-0.1909997687,-0.02471754713,-0.06505514191,-0.09675603809,-0.07869064469,-0.02231901654,-0.407658896,0.1960135274,0.2572104338,-0.2873135881,-0.3699654818
