242.4094347,0.06355430643,169.1111383,0.2143695078,0.8286250028,242.4094347,0.06355430643,169.1111383,0.2143695078,0.8286250028,0,0,0.7059226039,0.6834531992,0.183428365,-1.29379145,2.772292684,-0.8669028203,-0.8977373412,-0.8142609422,-0.6005280449,0.9814448813,-0.5934274838,0.02994070584,-0.2054976497,0.7059226039,0.6834531992,0.183428365,-1.29379145,2.772292684,-0.8669028203,-0.8977373412,-0.8142609422,-0.6005280449,0.9814448813,-0.5934274838,0.02994070584,-0.2054976497
259.4496445,0.06252402672,180.4716524,0.2166155877,0.8293520325,17.04020985,-0.00103027971,11.36051405,0.002246079889,0.0007270297388,0.04388519036,0,-1.86352163,-0.2915000652,0.2228335193,-0.7763887016,0.6116491178,-0.1670033872,-0.6569541916,0.2006683252,0.09432339706,0.5176864583,0.1072924127,-0.2587777786,0.1814399288,-2.569444234,-0.9749532644,0.03940515427,0.517402748,-2.160643567,0.6998994331,0.2407831496,1.014929267,0.694851442,-0.463758423,0.7007198965,-0.2887184845,0.3869375784
423.8733504,0.02861682245,281.7422694,0.4126812719,0.8663792711,164.4237058,-0.03390720427,101.270617,0.1960656842,0.03702723854,0.3001573718,1.231586224,-1.569033957,-0.5437071844,-0.01831631143,-0.1644736628,0.5879425576,-0.1250935932,-0.441287819,-0.103074445,0.02443546808,0.2875019935,0.04813181882,-0.08979120047,-0.1112260362,0.294487673,-0.2522071192,-0.2411498307,0.6119150388,-0.02370656029,0.04190979398,0.2156663726,-0.3037427702,-0.06988792898,-0.2301844648,-0.05916059384,0.1689865781,-0.292665965
398.2933165,0.03200035902,275.0690366,0.4081408043,0.8635921915,-25.58003386,0.003383536569,-6.673232762,-0.004540467602,-0.002787079554,0.03728031874,1.413411861,-1.728179448,-0.3828625802,-0.368776514,-0.3398950513,0.3906940922,-0.2342510821,-0.3110550704,0.21845756,0.1831496869,0.3937285853,0.1053089117,-0.2340094702,0.1341459138,-0.1591454913,0.1608446042,-0.3504602026,-0.1754213885,-0.1972484654,-0.109157489,0.1302327486,0.321532005,0.1587142188,0.1062265918,0.05717709291,-0.1442182698,0.24537195
270.5026975,0.07756156155,246.2607279,0.5612413737,0.9257552401,-127.790619,0.04556120253,-28.80830876,0.1531005694,0.06216304854,0.2103650999,1.485105666,-1.861062767,-0.2971691972,1.070136577,0.3489374528,-0.1998748415,-0.2802932526,-0.8377191067,-0.2103729493,-0.3096581706,0.1594680492,-0.3703939766,-0.09608096449,-0.08592527546,-0.1328833193,0.08569338302,1.438913091,0.6888325041,-0.5905689337,-0.04604217046,-0.5266640363,-0.4288305093,-0.4928078575,-0.2342605362,-0.4757028884,0.1379285057,-0.2200711892
386.6250255,0.0880080594,258.3995993,0.7872289593,0.9703761839,116.1223281,0.01044649785,12.1388714,0.2259875856,0.04462094383,0.292720146,1.67995401,-4.726469593,0.4616807387,1.493220808,0.1188538469,-0.3889230224,-0.3837872387,-0.4473781392,-0.260956502,-0.3070403382,-0.1796500789,0.02352351953,-0.4578108178,-0.05096019139,-2.865406826,0.7588499359,0.4230842302,-0.2300836059,-0.1890481809,-0.1034939861,0.3903409674,-0.05058355273,0.002617832396,-0.339118128,0.3939174962,-0.3617298533,0.03496508407
392.8661664,0.08147329279,235.688819,0.7505928722,0.9659454003,6.241140899,-0.006534766609,-22.71078025,-0.03663608714,-0.004430783649,0.4866969229,1.41777163,-6.942850112,-1.867146056,-0.3173358069,0.01868065346,0.5740219241,0.02518427837,-0.5306072524,-0.254940099,0.2104865351,0.2896957569,0.01420294572,-0.2929522303,-0.3653077381,-2.216380519,-2.328826794,-1.810556614,-0.1001731935,0.9629449465,0.4089715171,-0.0832291132,0.006016403046,0.5175268734,0.4693458358,-0.009320573805,0.1648585875,-0.3143475467
138.4204871,0.05606672319,171.047465,0.4008532583,0.8450834309,-254.4456793,-0.0254065696,-64.64135405,-0.3497396139,-0.1208619693,5.183768344,1.234152005,-6.022947454,-1.031948614,0.4707695878,0.5397456865,0.6288954042,0.1663586002,0.141182468,0.2162087251,-0.2209575694,0.2383370809,0.3048106449,-0.3011214076,-0.2624581854,0.9199026582,0.8351974421,0.7881053947,0.521065033,0.05487348012,0.1411743219,0.6717897205,0.4711488241,-0.4314441045,-0.05135867609,0.2906076991,-0.008169177362,0.1028495527
225.133808,0.02731903508,146.189703,0.177989996,0.7784997296,86.71332089,-0.02874768811,-24.85776192,-0.2228632624,-0.06658370134,13.32573409,1.801680492,0.9742064581,-3.005445761,2.436966668,1.707231355,1.414329834,0.5904682795,-1.245053427,1.386905824,-0.605895307,0.01833718632,0.1844837147,-0.615618054,-0.1832817849,6.997153912,-1.973497147,1.96619708,1.167485668,0.7854344299,0.4241096793,-1.386235895,1.170697099,-0.3849377376,-0.2199998945,-0.1203269301,-0.3144966464,0.07917640051
242.3484167,0.03289322831,144.1232402,0.1303844486,0.792349293,17.21460865,0.005574193231,-2.06646284,-0.04760554735,0.01384956346,8.644051489,1.256273652,1.253033588,-3.75788038,3.006333448,1.300863599,1.294752359,0.6771466116,-1.713929189,1.651775221,-1.057025907,0.3114851802,-0.2929252845,-0.5682640322,-0.4139635242,0.2788271303,-0.7524346194,0.5693667793,-0.4063677553,-0.1195774748,0.08667833211,-0.4688757618,0.2648693971,-0.4511306003,0.2931479938,-0.4774089993,0.04735402178,-0.2306817393
308.8918951,0.03105746209,174.5160167,0.2125289391,0.8135950889,66.54347838,-0.001835766222,30.39277646,0.08214449049,0.02124579584,11.98400828,1.247953018,1.796336737,-4.188302568,2.453857491,0.5320081194,1.391385251,0.3430566151,-1.944847646,0.5374457512,-1.286751221,0.151016945,-0.3989572551,-0.3408881266,-0.9947443185,0.5433031489,-0.4304221875,-0.5524759566,-0.7688554798,0.09663289202,-0.3340899966,-0.2309184577,-1.11432947,-0.2297253141,-0.1604682351,-0.1060319705,0.2273759057,-0.5807807943
349.2892889,0.02572468142,208.2708251,0.135224086,0.7781280489,40.39739379,-0.005332780663,33.75480839,-0.07730485313,-0.03546704,8.004835066,1.335905214,4.086591921,-4.748695885,1.245068837,0.1186509129,1.005655591,0.6922048509,-1.845604753,-0.4281971553,-0.8337924188,-0.4749139796,-0.06411896103,0.1456399759,-0.2512537939,2.290255183,-0.5603933174,-1.208788654,-0.4133572065,-0.3857296605,0.3491482358,0.09924289334,-0.9656429065,0.4529588025,-0.6259309246,0.334838294,0.4865281025,0.7434905245
295.3864836,0.02976360231,174.3398924,0.184687898,0.7869317706,-53.90280527,0.00403892089,-33.93093269,0.049463812,0.008803721768,5.934497597,1.026966061,3.425451566,-3.154922135,0.2758962995,-0.2997196784,1.209741925,-0.1847787072,-0.6547273609,-0.8383054619,-0.3520815699,-0.03123835033,-0.5772491482,0.796337391,-0.1336160083,-0.6611403551,1.59377375,-0.9691725376,-0.4183705913,0.204086334,-0.8769835581,1.190877392,-0.4101083066,0.481710849,0.4436756293,-0.5131301871,0.650697415,0.1176377857
333.2319038,0.03568945826,201.0721129,0.2455999229,0.8490961748,37.84542023,0.005925855945,26.7322205,0.06091202498,0.0621644042,8.555721651,1.318301449,-0.2492562358,-3.348217556,0.3857686529,-1.498683135,1.239887413,-0.07431859943,-0.3918311296,-0.5006336841,-0.6389420312,-0.2182361408,-0.3896396726,0.339493784,-0.2877220362,-3.674707801,-0.1932954209,0.1098723534,-1.198963456,0.03014548797,0.1104601078,0.2628962313,0.3376717777,-0.2868604613,-0.1869977905,0.1876094756,-0.4568436069,-0.154106028
284.0420663,0.04091524252,160.8747049,0.3195170403,0.8667830908,-49.18983753,0.005225784265,-40.19740798,0.07391711734,0.01768691599,1.789169367,1.339738359,-0.7566091841,-3.359899055,-0.02793026234,-1.512192304,1.153112821,0.4038583376,-0.4291133789,-0.5468940516,-0.8984427021,-0.1383070522,-0.1545231228,0.4732159993,-0.4748024719,-0.5073529483,-0.01168149986,-0.4136989152,-0.01350916915,-0.08677459196,0.478176937,-0.03728224932,-0.0462603675,-0.2595006709,0.07992908862,0.2351165498,0.1337222153,-0.1870804357
