283.5210962,0.01261012116,227.9857788,0.2230201131,0.720001437,283.5210962,0.01261012116,227.9857788,0.2230201131,0.720001437,0,0,-1.029028538,0.3129401549,0.3969606824,-0.03707369096,0.05188633808,-0.1664368212,-0.210052046,0.0718066737,0.2287995588,0.3545207903,0.1203074798,0.08136451744,0.1618901146,-1.029028538,0.3129401549,0.3969606824,-0.03707369096,0.05188633808,-0.1664368212,-0.210052046,0.0718066737,0.2287995588,0.3545207903,0.1203074798,0.08136451744,0.1618901146
334.0395819,0.01476444188,275.0756432,0.2222133127,0.7211606303,50.51848571,0.002154320719,47.08986442,-0.0008068003569,0.001159193339,0.2824849189,0,-0.2827175082,0.3990436804,0.03893263465,-0.3532817888,0.0403317373,-0.2548343965,-0.2997889329,0.1637587442,0.2741714266,0.4555613784,0.1204540842,0.03052912448,0.2021935294,0.7463110299,0.08610352552,-0.3580280478,-0.3162080979,-0.01155460078,-0.08839757528,-0.08973688694,0.0919520705,0.04537186775,0.1010405881,0.0001466044033,-0.05083539296,0.04030341476
302.2282294,0.01356105235,258.2744821,0.1402762225,0.6489656566,-31.8113525,-0.00120338953,-16.80116112,-0.08193709027,-0.0721949737,0.9531145998,1.614090485,0.146639263,0.7422430298,0.5045055358,0.2485299648,0.6531834543,-0.07073723137,-0.4523393361,-0.123554754,-0.02278850584,0.1512470207,-0.1075257723,-0.1537152208,0.09550936261,0.4293567712,0.3431993494,0.4655729011,0.6018117536,0.612851717,0.1840971651,-0.1525504032,-0.2873134982,-0.2969599324,-0.3043143577,-0.2279798565,-0.1842443453,-0.1066841668
260.6279524,0.03848375547,182.27739,0.2896809649,0.8257790469,-41.60027704,0.02492270312,-75.99709209,0.1494047424,0.1768133903,7.687331388,1.914060318,-2.494909128,-0.3349577794,0.440901142,0.8942141527,1.338552757,0.6395290992,-0.4358205138,-0.1029016679,0.1073629389,0.428524843,-0.4173326273,0.04038294797,-0.4307958908,-2.641548391,-1.077200809,-0.06360439381,0.6456841879,0.6853693031,0.7102663306,0.01651882229,0.02065308616,0.1301514448,0.2772778223,-0.3098068549,0.1940981688,-0.5263052535
263.1461552,0.03902062323,173.4772867,0.2182839453,0.8092918,2.518202768,0.0005368677547,-8.800103289,-0.07139701955,-0.01648724685,7.814704822,1.589339919,2.117647311,-1.058909359,-0.1063123815,-0.2877292121,0.2573419286,0.553025891,0.05821933106,0.02896833352,-1.15451588,-0.2802211947,-0.3179039187,-0.2070069884,-0.2667962093,4.612556438,-0.7239515797,-0.5472135235,-1.181943365,-1.081210829,-0.08650320824,0.4940398449,0.1318700014,-1.261878819,-0.7087460377,0.09942870853,-0.2473899364,0.1639996815
294.9003278,0.03463617657,198.341542,0.1683761118,0.7778750655,31.7541726,-0.004384446656,24.86425528,-0.04990783351,-0.03141673455,7.595058075,1.257937889,3.329855,-0.7355701739,0.8527733495,-1.508996017,-1.965752374,0.128924471,0.1918476137,-0.1572536561,-0.6894622919,-0.02726655133,-1.023147307,-0.4241867743,-0.2453999638,1.212207689,0.3233391852,0.959085731,-1.221266805,-2.223094303,-0.42410142,0.1336282826,-0.1862219896,0.4650535883,0.2529546434,-0.7052433886,-0.2171797859,0.02139624556
323.1977606,0.03007717363,224.5052218,0.07348278608,0.7346359661,28.29743287,-0.004559002946,26.16367982,-0.09489332571,-0.04323909933,5.979203339,1.265919575,3.880272121,0.3935100445,0.559013032,-1.894640867,-1.855841537,-0.2668684532,-0.3518728376,0.3506844918,-1.032760255,0.8331816906,-0.87442875,-0.3713345901,-0.2405517524,0.5504171216,1.129080218,-0.2937603175,-0.3856448506,0.1099108376,-0.3957929242,-0.5437204513,0.5079381479,-0.343297963,0.8604482419,0.1487185574,0.05285218425,0.004848211389
333.4982344,0.03228304792,228.8188595,0.2058886022,0.7840992803,10.30047378,0.002205874292,4.313637714,0.1324058162,0.04946331419,6.769522975,1.218623825,4.854086487,-1.262296303,-0.6533686603,-0.1919937418,-1.794372467,-0.7756622145,-0.5350166759,1.085060682,-1.190528976,-0.02349702442,-0.6943004808,0.09816154645,-0.1624634753,0.9738143653,-1.655806347,-1.212381692,1.702647126,0.06146906984,-0.5087937613,-0.1831438383,0.7343761903,-0.157768721,-0.856678715,0.1801282691,0.4694961365,0.07808827705
349.7593322,0.03369704137,232.3264075,0.1204019644,0.787269562,16.26109776,0.001413993452,3.507547952,-0.08548663785,0.003170281671,6.582695016,1.322204842,5.047594242,-1.877212366,-2.602092982,0.2711619534,-0.07077542844,0.2922072165,-0.8513186202,-0.2733769105,-0.4548738251,-0.2243251045,-0.9023708366,0.2803188948,0.1755725332,0.1935077549,-0.6149160638,-1.948724321,0.4631556952,1.723597039,1.067869431,-0.3163019444,-1.358437593,0.7356551509,-0.2008280801,-0.2080703558,0.1821573483,0.3380360086
383.3933148,0.02961520683,263.0566125,0.08208118984,0.7726081508,33.63398259,-0.004081834537,30.73020501,-0.03832077456,-0.0146614112,3.414642753,1.299876224,4.431693474,-1.041800121,-2.045919607,0.1659202463,1.140552389,-0.04338080502,-0.926610967,-0.911052493,0.08849977426,-0.2178999654,-0.5484484016,-0.1907219246,-0.0554566685,-0.6159007672,0.8354122452,0.5561733744,-0.1052417071,1.211327817,-0.3355880215,-0.07529234678,-0.6376755826,0.5433735994,0.006425139061,0.3539224351,-0.4710408194,-0.2310292018
397.8970212,0.03207997042,265.0857146,0.1505450126,0.8050419002,14.50370642,0.002464763586,2.029102153,0.06846382275,0.03243374941,2.095573372,1.406432277,2.895259377,-2.342534163,-1.8811264,1.205020177,0.4125796116,-0.7907462562,-1.47945435,-0.3678581525,0.3388641149,-0.01531070934,-0.54516884,0.2102729627,-0.213057715,-1.536434098,-1.300734042,0.1647932075,1.03909993,-0.7279727769,-0.7473654512,-0.5528433833,0.5431943405,0.2503643407,0.2025892561,0.003279561571,0.4009948873,-0.1576010465
373.8012649,0.03592636142,225.1167492,0.274024419,0.8478263493,-24.09575624,0.003846391001,-39.9689654,0.1234794064,0.0427844491,1.573885846,1.238462173,0.2818344073,-3.3088376,-0.217956831,0.8842452177,-0.9273706658,-0.5595452123,-1.225398909,-0.4693716653,0.4874587919,0.4509076607,0.008309038924,0.430995729,-0.4260212608,-2.613424969,-0.9663034372,1.663169569,-0.3207749589,-1.339950277,0.2312010439,0.2540554417,-0.1015135128,0.148594677,0.4662183701,0.5534778789,0.2207227664,-0.2129635458
349.2106331,0.03792646883,205.1926103,0.3226762334,0.8671916056,-24.59063185,0.002000107415,-19.92413894,0.04865181436,0.01936525626,0.9934029343,1.434644221,-0.865446993,-1.768976654,0.02026866254,-0.045143259,0.07169511442,-0.5508836176,-0.770393724,-0.4628792638,0.8301356023,0.317988914,-0.0801469661,0.2502561162,-0.5914208434,-1.1472814,1.539860947,0.2382254935,-0.9293884767,0.9990657802,0.008661594705,0.4550051846,0.006492401501,0.3426768103,-0.1329187467,-0.08845600502,-0.1807396128,-0.1653995826
