274.4517887,0.0113620609,235.9865749,0.1565864072,0.6365473857,274.4517887,0.0113620609,235.9865749,0.1565864072,0.6365473857,0,0,1.409308664,1.411308779,1.640810108,1.211000612,0.3410724991,0.03293716099,0.1428827894,-0.4048189504,-0.1565090132,0.4531850899,0.004009194914,-0.2485788632,0.3177005217,1.409308664,1.411308779,1.640810108,1.211000612,0.3410724991,0.03293716099,0.1428827894,-0.4048189504,-0.1565090132,0.4531850899,0.004009194914,-0.2485788632,0.3177005217
273.2528556,0.01650345385,182.3330857,0.1621272515,0.7418926644,-1.19893306,0.005141392956,-53.6534892,0.005540844235,0.1053452788,8.202123618,0,0.4422096631,-1.480273543,2.309365681,2.137968008,0.1580529902,-0.08907142011,-0.02400520764,-0.209323332,0.02948111251,-0.08535085806,-0.4393700066,-0.5335426718,0.630940726,-0.9670990012,-2.891582322,0.6685555726,0.9269673968,-0.1830195089,-0.1220085811,-0.1668879971,0.1954956184,0.1859901257,-0.538535948,-0.4433792015,-0.2849638086,0.3132402043
393.674946,0.02030164695,248.1945528,0.2425237319,0.8042719567,120.4220904,0.003798193097,65.86146708,0.08039648041,0.0623792923,9.23808926,1.657198754,-0.7323773247,-2.405539853,2.782449007,1.604241174,-0.1324170865,-0.56074083,-0.6172663271,0.8037243767,-0.3428753124,-0.1168058126,-0.7497470491,-0.1007903721,0.254531983,-1.174586988,-0.9252663099,0.4730833262,-0.5337268342,-0.2904700768,-0.4716694098,-0.5932611195,1.013047709,-0.372356425,-0.03145495455,-0.3103770425,0.4327522998,-0.376408743
294.9146188,0.02345490522,171.8301535,0.2096873576,0.8037008126,-98.76032723,0.003153258267,-76.36439932,-0.03283637426,-0.0005711441758,8.011225181,1.129677141,-0.71190108,-1.93464519,2.989425114,1.067400704,-0.1779736707,-0.7460252065,0.1537696765,0.766724923,-0.8219710511,-0.1205144256,-0.7101809834,0.0735815119,-0.3760171101,0.02047624477,0.4708946625,0.206976107,-0.5368404704,-0.04555658416,-0.1852843766,0.7710360036,-0.03699945366,-0.4790957387,-0.003708612994,0.03956606571,0.174371884,-0.6305490931
375.4776682,0.0244067351,265.8080633,0.3239894638,0.8123222985,80.56304944,0.000951829886,93.9779098,0.1143021062,0.008621485986,10.51134342,1.166054645,-1.465637295,-0.5901652008,2.164751057,1.219674864,-0.2101620752,-0.7107428336,-0.1527408678,0.6676402171,-0.7806746096,0.1512379387,-0.1247521543,-0.0895445853,-0.1576662441,-0.753736215,1.34447999,-0.8246740566,0.1522741601,-0.03218840453,0.03528237289,-0.3065105443,-0.09908470584,0.04129644151,0.2717523643,0.5854288291,-0.1631260972,0.218350866
307.0519693,0.05072255965,334.219084,0.6005617769,0.9297734232,-68.42569895,0.02631582454,68.41102076,0.2765723131,0.1174511247,4.360174736,1.638606057,-2.817855395,-0.1115817874,-2.563332231,1.790768072,0.3007602761,0.2779143514,-0.9657383066,-0.5693737521,-0.02548527953,0.07455043004,0.3009675736,0.004461940956,0.01787597125,-1.3522181,0.4785834134,-4.728083288,0.5710932083,0.5109223513,0.988657185,-0.8129974388,-1.237013969,0.7551893301,-0.07668750868,0.4257197279,0.09400652625,0.1755422154
378.7008013,0.07243046038,346.5851507,0.6461922808,0.9455847482,71.648832,0.02170790073,12.36606666,0.0456305039,0.01581132495,2.19646435,1.637506901,-5.884232915,0.7871848868,-1.772895524,1.89683658,-0.1702045409,-0.1169856867,-0.906154409,-0.02103798267,0.3166994683,0.1907589274,-0.07681991027,-0.07128449208,0.06395145499,-3.06637752,0.8987666742,0.790436707,0.1060685074,-0.4709648169,-0.3949000381,0.05958389754,0.5483357695,0.3421847478,0.1162084974,-0.3777874839,-0.07574643304,0.04607548374
419.1295074,0.06335511773,354.5369865,0.5831722271,0.9282736534,40.42870617,-0.009075342651,7.951835824,-0.0630200537,-0.01731109477,1.848636897,0.9955346316,-6.213900284,1.656523537,-1.6203168,1.437235227,-0.2530407187,-0.168571487,-0.7719930389,0.1630182951,0.4131020152,-0.07827161582,-0.08459458494,0.09354359975,0.2444524318,-0.3296673686,0.8693386507,0.1525787236,-0.4596013527,-0.08283617782,-0.05158580032,0.1341613702,0.1840562778,0.09640254696,-0.2690305432,-0.007774674669,0.1648280918,0.1805009768
391.8285404,0.06848766765,346.6772369,0.6392905842,0.9416106682,-27.30096706,0.005132549925,-7.859749578,0.05611835709,0.01333701483,1.224297422,1.238855421,-6.170761129,1.141820332,-1.684500526,1.262739356,-0.3352000703,-0.4941352371,-0.7888743249,-0.2532170919,0.4712270061,0.00852423911,-0.3381595569,-0.2054778172,0.08139863682,0.04313915432,-0.5147032049,-0.06418372623,-0.1744958712,-0.08215935158,-0.3255637501,-0.01688128606,-0.4162353871,0.05812499089,0.08679585493,-0.253564972,-0.299021417,-0.163053795
315.8346109,0.07360973017,342.9308066,0.6943131844,0.9532091131,-75.99392949,0.005122062512,-3.746430324,0.05502260019,0.01159844483,1.338230323,1.210246497,-4.489936085,0.4074602547,-1.310595519,1.171121706,-0.06792384662,-0.5544700708,-0.8297371372,-0.4535556691,0.3055181199,-0.006727463087,-0.1365235674,-0.5042409946,0.2205245413,1.680825044,-0.7343600778,0.3739050076,-0.09161765023,0.2672762237,-0.06033483371,-0.04086281226,-0.2003385771,-0.1657088862,-0.0152517022,0.2016359896,-0.2987631774,0.1391259045
