377.1795977,0.05942842127,201.567116,0.4011200881,0.8962458468,377.1795977,0.05942842127,201.567116,0.4011200881,0.8962458468,0,0,-3.061188452,-2.441498186,0.3829766336,1.984167059,-0.3801943686,0.367338921,-1.125470027,-0.2878985123,0.3755102281,0.5536066928,-0.3332058992,-0.5079932229,-0.7511806402,-3.061188452,-2.441498186,0.3829766336,1.984167059,-0.3801943686,0.367338921,-1.125470027,-0.2878985123,0.3755102281,0.5536066928,-0.3332058992,-0.5079932229,-0.7511806402
314.892182,0.06604766484,170.8116323,0.4327380589,0.9033460721,-62.28741569,0.006619243576,-30.75548373,0.03161797089,0.007100225283,0.2451817784,0,-2.204945374,-0.08895896527,-0.6799192783,0.1059951715,0.03980869524,-0.5474595909,0.1179078431,-0.5807352697,0.6474492493,0.3682222718,-0.2894524989,-0.03177860396,-0.3982726359,0.8562430772,2.352539221,-1.062895912,-1.878171887,0.4200030639,-0.9147985119,1.24337787,-0.2928367574,0.2719390212,-0.185384421,0.04375340034,0.4762146189,0.3529080043
381.6197431,0.05403675382,224.1139937,0.4867581007,0.9164093384,66.72756103,-0.01201091102,53.30236139,0.05402004172,0.01306326632,0.5165176365,1.424499859,-1.29040682,0.2445738268,0.06948952652,-0.4186297892,0.5104219337,-0.34191491,-0.06803728532,0.1256485029,0.07278457334,0.4565539332,-0.002494943809,-0.1507855385,-0.08853608477,0.914538554,0.333532792,0.7494088048,-0.5246249607,0.4706132384,0.2055446809,-0.1859451284,0.7063837725,-0.574664676,0.08833166148,0.2869575551,-0.1190069345,0.3097365511
388.9736125,0.05058073796,222.6674096,0.4694179515,0.9129868444,7.353869487,-0.00345601586,-1.446584125,-0.01734014921,-0.003422493973,0.2383193113,1.386782826,-4.718387416,-0.03470584188,1.393905773,-1.0108804,0.6304077949,-0.5597291079,0.3643602942,0.1014495361,-0.3923133813,0.4266283418,-0.0554363735,-0.09453073589,-0.4650729559,-3.427980595,-0.2792796686,1.324416246,-0.5922506106,0.1199858612,-0.2178141978,0.4323975795,-0.02419896676,-0.4650979546,-0.02992559142,-0.05294142969,0.05625480259,-0.3765368711
384.8428177,0.04831650409,234.9686262,0.4265999134,0.8979439532,-4.130794815,-0.002264233873,12.30121662,-0.04281803806,-0.01504289125,0.2825229677,0.972775712,-1.959412612,0.1841705727,0.4750264373,-1.340919915,0.8868062059,-0.5468804896,-0.2539685024,0.5037824538,-0.1481597063,0.2399340099,-0.0312473737,-0.1716557266,-0.01254800959,2.758974804,0.2188764146,-0.9188793356,-0.3300395153,0.256398411,0.01284861825,-0.6183287966,0.4023329176,0.2441536749,-0.1866943319,0.0241889998,-0.07712499071,0.4525249463
383.2602547,0.03875501259,285.0805385,0.4471484545,0.8739625132,-1.582563009,-0.009561491498,50.11191234,0.02054854108,-0.02398144,0.2483196766,1.394994937,-1.457955962,0.1954189189,-0.5662397081,-0.04774001783,0.1088842592,0.1799479807,-0.47261835,0.4676401904,-0.2172125231,0.4015350347,-0.3189141094,-0.02342252813,-0.2424764268,0.5014566495,0.01124834626,-1.041266145,1.293179897,-0.7779219467,0.7268284703,-0.2186498476,-0.03614226337,-0.06905281678,0.1616010248,-0.2876667357,0.1482331985,-0.2299284173
264.2996385,0.09800868921,280.0905483,0.746733935,0.9655772561,-118.9606162,0.05925367662,-4.989990225,0.2995854805,0.09161474292,1.707406068,1.517578457,-3.987012297,-0.1884370833,0.005556645902,0.8560970957,-0.3676164545,-0.391041411,-0.3200093604,0.2814052243,-0.458645536,0.2198496575,-0.0289091975,0.01640047229,-0.2914612004,-2.529056335,-0.3838560023,0.571796354,0.9038371135,-0.4765007137,-0.5709893917,0.1526089897,-0.1862349661,-0.2414330129,-0.1816853773,0.2900049119,0.03982300042,-0.04898477352
352.4361736,0.07549283906,205.8371439,0.6573894803,0.9487169735,88.13653512,-0.02251585014,-74.25340445,-0.08934445463,-0.01686028262,5.503669778,1.77806029,-7.004535932,-0.4543960048,1.246814,1.100531413,-0.4053162523,-0.380297616,-0.2159826676,-0.391869287,-0.2322785957,0.2230212253,-0.3644598223,0.2589223388,-0.2583180785,-3.017523636,-0.2659589214,1.241257354,0.2444343172,-0.03769979783,0.01074379501,0.1040266928,-0.6732745113,0.2263669403,0.003171567858,-0.3355506248,0.2425218665,0.03314312182
387.6174309,0.07189737571,188.1723376,0.63828383,0.944781823,35.18125729,-0.003595463351,-17.66480622,-0.01910565037,-0.003935150504,2.577604291,1.235165434,-7.671387469,-0.9184233168,2.010391786,1.196526949,-0.6585926884,-0.7112781342,-0.08284720563,-0.2851564152,-0.2195290268,0.3205757337,0.06365611679,0.1757316634,-0.2582872304,-0.6668515363,-0.464027312,0.7635777863,0.09599553602,-0.253276436,-0.3309805182,0.133135462,0.1067128718,0.0127495689,0.09755450835,0.428115939,-0.08319067536,3.084809148e-05
290.6458519,0.03950016762,201.3293603,0.4905976147,0.883564149,-96.971579,-0.03239720809,13.15702272,-0.1476862153,-0.06121767396,10.52753886,1.049101711,-5.715103707,-0.3177531621,3.497952241,2.141060679,-0.6460743862,0.2519028639,0.3659537917,0.235598169,-0.1333055577,0.2011751708,0.2731786867,-0.09773218807,-0.1588774573,1.956283762,0.6006701547,1.487560454,0.94453373,0.01251830221,0.9631809981,0.4488009973,0.5207545842,0.08622346916,-0.1194005629,0.2095225699,-0.2734638515,0.0994097731
276.1677749,0.03194958901,189.7065774,0.3126849556,0.8189063742,-14.47807696,-0.007550578613,-11.62278296,-0.1779126591,-0.06465777478,7.778134929,1.496671882,-4.283220398,-0.6115085691,4.034581186,2.617911506,-1.610432753,0.6698929596,0.1498885964,0.6853743382,-0.3955385783,-0.002376228756,0.4498874175,-0.2266751524,-0.1160479724,1.431883308,-0.2937554071,0.5366289452,0.4768508267,-0.9643583668,0.4179900957,-0.2160651952,0.4497761692,-0.2622330206,-0.2035513996,0.1767087308,-0.1289429644,0.04282948494
308.6889677,0.03282033472,208.8998947,0.3461251764,0.8297611298,32.5211928,0.0008707457179,19.19331728,0.03344022083,0.01085475557,9.74105044,1.180069024,-2.710119307,-0.7541775288,3.058949362,3.503083722,-1.154267413,0.3499880702,-0.519996153,0.7143895417,-0.2632017198,0.3472903075,0.4552315738,-0.4379020451,0.1129496212,1.573101092,-0.1426689597,-0.9756318238,0.8851722167,0.4561653395,-0.3199048893,-0.6698847495,0.02901520341,0.1323368585,0.3496665363,0.005344156338,-0.2112268927,0.2289975936
336.4665234,0.03154835678,238.1962826,0.3219315188,0.8213614584,27.77755569,-0.001271977941,29.29638792,-0.02419365759,-0.008399671368,8.352273825,1.313385092,-0.3393159114,0.2287464388,0.5421211457,1.953505502,0.07120580367,0.369481727,-0.6134802871,-0.1076737975,-0.8576318553,0.3502340212,-0.2625922125,-0.578324936,-0.180807353,2.370803395,0.9829239676,-2.516828217,-1.54957822,1.225473217,0.01949365679,-0.09348413409,-0.8220633392,-0.5944301355,0.002943713642,-0.7178237863,-0.1404228908,-0.2937569742
293.8833076,0.02992889749,222.1935513,0.2270426012,0.7877331021,-42.58321584,-0.001619459293,-16.00273127,-0.0948889176,-0.03362835629,8.514597084,1.193660097,0.4690464542,1.724014538,0.3923671244,0.3521636842,-1.604816368,0.6767066959,-0.5513125608,0.3395676392,-0.4995101947,-0.06461016727,-0.3484772078,-0.6103574914,-0.1564570601,0.8083623657,1.495268099,-0.1497540213,-1.601341818,-1.676022172,0.3072249689,0.06216772629,0.4472414367,0.3581216606,-0.4148441884,-0.08588499529,-0.03203255545,0.02435029291
354.0940166,0.02600725063,280.2104223,0.2164030314,0.7707668805,60.21070908,-0.003921646856,58.01687096,-0.01063956977,-0.01696622166,7.231434909,1.248617402,-0.06003096359,3.148180319,0.5731609353,-0.02822150247,-1.037409458,-0.07867990619,-0.8428759733,0.323322336,-0.1762018409,0.5914677489,-0.7084502358,0.0857294077,-0.503359879,-0.5290774178,1.424165781,0.1807938108,-0.3803851867,0.56740691,-0.7553866021,-0.2915634125,-0.01624530316,0.3233083538,0.6560779161,-0.3599730281,0.6960868991,-0.346902819
359.5217696,0.02607381316,289.7244722,0.2458811749,0.7879773789,5.427752908,6.656252207e-05,9.514049901,0.02947814345,0.01721049844,3.1408275,1.429070421,-0.5434331363,2.757656059,0.6074358504,-0.5978755966,-0.5083705172,-0.3494919433,-0.9066075995,0.4028236691,-0.06826663044,0.7997726222,-0.4262126846,0.362410345,-0.519251403,-0.4834021727,-0.3905242602,0.03427491513,-0.5696540941,0.5290389407,-0.2708120371,-0.06373162626,0.07950133312,0.1079352105,0.2083048733,0.2822375512,0.2766809373,-0.015891524
333.5995287,0.03471416629,251.0792833,0.2572938926,0.8077207155,-25.92224089,0.008640353133,-38.64518892,0.01141271776,0.01974333662,1.616165409,1.298551061,-0.4239642212,0.9211279096,-0.2436724214,-1.350395073,-0.2598389831,-1.033994726,-0.5057076346,-0.03025322048,-0.02956200115,0.337728709,-0.2885922842,0.05227018282,-0.2267995801,0.1194689151,-1.836528149,-0.8511082718,-0.7525194766,0.2485315341,-0.6845027829,0.4008999649,-0.4330768896,0.03870462929,-0.4620439132,0.1376204004,-0.3101401621,0.292451823
