334.9472053,0.07595003059,225.2993357,0.6495629838,0.9492723606,334.9472053,0.07595003059,225.2993357,0.6495629838,0.9492723606,0,0,-3.740472797,-0.5505116831,-0.5981758575,-0.04864331935,1.571477428,-0.624673369,0.6600941167,0.3124726024,-0.8041289837,0.08596018256,-0.2037051232,-0.3422920789,0.2943042748,-3.740472797,-0.5505116831,-0.5981758575,-0.04864331935,1.571477428,-0.624673369,0.6600941167,0.3124726024,-0.8041289837,0.08596018256,-0.2037051232,-0.3422920789,0.2943042748
398.4636919,0.06949379226,230.0508085,0.6479742573,0.9475747838,63.51648668,-0.006456238332,4.751472831,-0.001588726545,-0.001697576842,2.798046953,0,-4.473649983,-1.079697444,-1.167600016,0.2826537896,0.8483305602,-0.3768828822,0.5336995468,-0.1493970462,-0.675499223,-0.3326965924,-0.1797301559,-0.2646543615,0.2994371394,-0.7331771857,-0.5291857613,-0.569424158,0.331297109,-0.7231468683,0.2477904868,-0.1263945699,-0.4618696486,0.1286297607,-0.418656775,0.0239749673,0.07763771733,0.005132864639
284.6456361,0.03995620136,214.5864597,0.446323189,0.8731602323,-113.8180559,-0.0295375909,-15.46434881,-0.2016510682,-0.07441455149,9.683239657,0.9062116798,-2.315832989,-0.07589903854,-0.643611596,0.5053452772,0.8462740371,0.04199413949,0.6201888395,0.2070189355,-0.3548573355,-0.214053646,0.2089000794,-0.0273717014,0.09669614501,2.157816994,1.003798406,0.5239884195,0.2226914875,-0.002056523105,0.4188770217,0.08648929273,0.3564159817,0.3206418875,0.1186429465,0.3886302353,0.2372826601,-0.2027409944
256.8708251,0.02952456284,164.3420592,0.1657163121,0.7752522131,-27.774811,-0.01043163851,-50.24440054,-0.2806068769,-0.09790801921,11.63940646,1.489914242,1.563141287,-0.3394716416,-1.584340494,1.400262187,2.191502769,0.301550652,-0.4409308304,0.05961936687,0.2592821874,-0.2006500852,0.001005321617,0.1625681203,0.2712828675,3.878974277,-0.2635726031,-0.9407288985,0.8949169103,1.345228732,0.2595565125,-1.06111967,-0.1473995686,0.6141395229,0.01340356078,-0.2078947578,0.1899398217,0.1745867225
293.1340628,0.02673554272,181.2214401,0.2050488044,0.7799853204,36.2632377,-0.002789020124,16.87938096,0.03933249227,0.004733107271,9.54378666,1.317115061,0.6649957374,-2.204515717,0.7806571785,3.181647333,1.144846302,-1.025304549,0.134538447,0.2870386259,0.2909133584,-0.08885798047,-0.000943856288,0.2460246406,0.3453830167,-0.8981455496,-1.865044076,2.364997673,1.781385146,-1.046656468,-1.326855201,0.5754692774,0.2274192591,0.03163117108,0.1117921047,-0.001949177905,0.08345652029,0.07410014921
335.9595098,0.02266922542,211.9620652,0.1352904136,0.7585961091,42.825447,-0.0040663173,30.74062504,-0.06975839079,-0.0213892113,11.90078945,1.273079754,-1.156870239,-1.911909505,2.456451905,3.293368742,-0.4908951293,-0.4429614678,-0.0169374392,0.6208483128,-0.1308414872,0.005610683412,-0.000805446884,0.4755667901,-0.1614201485,-1.821865977,0.2926062125,1.675794727,0.1117214084,-1.635741431,0.5823430813,-0.1514758862,0.3338096868,-0.4217548456,0.09446866389,0.000138409404,0.2295421495,-0.5068031652
257.8629927,0.01870119332,179.2105699,0.1391094323,0.7322872166,-78.09651704,-0.0039680321,-32.75149527,0.00381901869,-0.02630889243,9.110165008,1.239352923,-1.501114098,-1.901929809,3.075069721,2.658705351,-1.282470299,0.04596494864,-0.1894020288,0.7937133566,-0.5241814382,0.01511040264,-0.05858085446,0.2245831474,-0.038391809,-0.3442438588,0.009979695994,0.6186178159,-0.6346633906,-0.7915751699,0.4889264165,-0.1724645896,0.1728650438,-0.393339951,0.009499719232,-0.05777540757,-0.2509836427,0.1230283395
305.7448162,0.01634570414,228.1003089,0.2109147593,0.7284026222,47.88182352,-0.002355489175,48.88973901,0.07180532701,-0.003884594419,6.375061317,1.27405706,-1.065414388,-1.060160711,2.525524764,1.699802617,-0.8739102387,0.3214032651,0.2167293338,0.5809576306,-0.2341065055,0.1216213017,-0.2784091274,0.2175918255,-0.2431703988,0.4356997106,0.8417690976,-0.5495449571,-0.9589027342,0.4085600606,0.2754383165,0.4061313626,-0.212755726,0.2900749327,0.106510899,-0.219828273,-0.006991321966,-0.2047785898
316.6983677,0.02773193954,243.3816123,0.3669633517,0.806655938,10.95355146,0.0113862354,15.28130343,0.1560485924,0.07825331583,5.98535948,1.466488,-1.789726864,-0.4588257932,1.666365881,1.482227703,-1.307849762,0.2431871016,0.8872314628,0.4305812748,-0.2770071142,0.2656045088,0.5649250668,-0.2374628276,-0.2016139023,-0.7243124759,0.6013349179,-0.8591588827,-0.2175749139,-0.433939523,-0.0782161635,0.6705021291,-0.1503763557,-0.04290060871,0.1439832071,0.8433341943,-0.4550546531,0.04155649648
347.8173057,0.03264324699,244.2714203,0.2573251957,0.8054855656,31.118938,0.004911307451,0.889807999,-0.1096381561,-0.001170372405,2.288966583,1.635159418,-0.9432857005,-0.6711403401,1.213210719,1.426983615,-1.323746454,-0.03610556576,0.1036236786,0.4575448136,-0.6275068644,0.3693107751,0.09158729052,0.0528042572,-0.05347954986,0.846441163,-0.2123145469,-0.4531551623,-0.05524408783,-0.01589669248,-0.2792926674,-0.7836077842,0.02696353877,-0.3504997502,0.1037062663,-0.4733377763,0.2902670848,0.1481343525
