349.9282937,0.03342631239,202.1212928,0.23240901,0.8283866516,349.9282937,0.03342631239,202.1212928,0.23240901,0.8283866516,0,0,-0.5524684643,-3.995498318,-0.7785854454,1.431580451,1.312106585,0.4075154624,-0.3496119422,-0.6477884985,-0.4190384256,0.5315634984,0.6350412276,0.2176735993,0.1758637237,-0.5524684643,-3.995498318,-0.7785854454,1.431580451,1.312106585,0.4075154624,-0.3496119422,-0.6477884985,-0.4190384256,0.5315634984,0.6350412276,0.2176735993,0.1758637237
179.2628704,0.02474880432,151.4590152,0.1743220868,0.7071424392,-170.6654233,-0.008677508067,-50.66227759,-0.05808692321,-0.1212442125,2.074685497,0,-0.1646630131,0.7845489729,0.9492526068,0.6732959783,0.7238038435,0.0001516018727,-0.3612848287,0.1725036065,0.2930954912,0.5133696862,0.179363205,-0.02097022518,0.06212139508,0.3878054513,4.780047291,1.727838052,-0.7582844727,-0.5883027418,-0.4073638605,-0.01167288648,0.8202921051,0.7121339168,-0.01819381219,-0.4556780226,-0.2386438245,-0.1137423286
283.8401726,0.01259603169,242.5794382,0.07436707247,0.6123061457,104.5773022,-0.01215277263,91.120423,-0.09995501433,-0.09483629343,1.498067869,1.800753675,2.070378585,1.411768706,1.484609835,1.18820796,0.6519528358,-1.317015216,-0.3827593563,0.8085212867,0.100766205,0.05944422741,0.46379189,0.4752584225,0.2723642285,2.235041598,0.6272197332,0.5353572278,0.514911982,-0.0718510077,-1.317166818,-0.0214745276,0.6360176801,-0.1923292862,-0.4539254588,0.284428685,0.4962286477,0.2102428334
255.1025619,0.04836396582,168.6522818,0.3621570899,0.8605674199,-28.73761069,0.03576793413,-73.92715636,0.2877900174,0.2482612741,4.23760435,1.25939115,-1.620779396,-3.268837692,0.6186831052,-0.260194578,1.387836023,-1.235121383,0.4261947564,0.09900778812,-0.05894941857,0.1276318604,-0.1930415452,0.185281794,0.02002198244,-3.691157981,-4.680606398,-0.8659267295,-1.448402538,0.7358831871,0.08189383296,0.8089541127,-0.7095134986,-0.1597156236,0.06818763296,-0.6568334352,-0.2899766285,-0.252342246
291.1049911,0.03030236973,170.4361822,0.212646753,0.8061059503,36.00242923,-0.01806159609,1.783900317,-0.1495103369,-0.05446146961,10.32012484,1.717169322,1.163892769,-2.29450946,2.056998657,0.5310357767,2.553735083,-1.152283049,-0.4757423722,0.2198748109,-0.6991586421,-0.02322023597,0.03782721071,-0.3496543186,-0.2643260727,2.784672165,0.9743282328,1.438315552,0.7912303546,1.16589906,0.08283833459,-0.9019371286,0.1208670228,-0.6402092236,-0.1508520963,0.2308687559,-0.5349361126,-0.2843480552
385.2771611,0.02404866841,232.8546085,0.2139244731,0.7948878034,94.17216994,-0.006253701318,62.41842634,0.001277720111,-0.01121814687,8.229489046,1.259161636,1.901437691,-3.717118037,1.566652294,-0.6373783293,0.9258538928,-0.4813254193,-1.470424073,-0.3402861009,-1.302676263,0.2092391598,0.4931762514,-0.6394907338,0.0007318800592,0.7375449212,-1.422608577,-0.4903463635,-1.168414106,-1.62788119,0.6709576296,-0.9946817008,-0.5601609118,-0.6035176208,0.2324593958,0.4553490407,-0.2898364151,0.2650579528
324.017051,0.02877710126,187.1448016,0.1790282324,0.7976514028,-61.26011004,0.004728432845,-45.7098069,-0.03489624064,0.002763599366,7.079574108,1.333504362,1.6945483,-2.901140129,0.420202875,-0.736971108,-0.03937149376,-0.07798796365,-1.365839607,-0.6611664019,-0.8413368425,0.4973648357,0.7715173277,-0.6694178869,0.348734402,-0.2068893904,0.8159779075,-1.146449419,-0.09959277871,-0.9652253866,0.4033374556,0.1045844658,-0.320880301,0.4613394205,0.288125676,0.2783410763,-0.02992715314,0.3480025219
321.6100155,0.04010405839,197.6114499,0.2402301645,0.8288273268,-2.407035531,0.01132695713,10.46664825,0.06120193211,0.03117592403,8.49127764,1.225530698,2.482548677,-2.777448664,0.4691802012,-0.4247876327,-0.1814277352,0.02205365443,-1.374477911,-0.7038180668,-0.6919438137,0.5903692015,0.7887748205,-0.6947452758,0.3356935997,0.7880003766,0.1236914649,0.04897732626,0.3121834753,-0.1420562414,0.1000416181,-0.008638304165,-0.04265166486,0.1493930288,0.09300436581,0.01725749276,-0.02532738883,-0.0130408023
319.7291465,0.03830750133,195.7297828,0.1719745602,0.8128395966,-1.880868956,-0.001796557063,-1.881667102,-0.06825560438,-0.01598773015,5.476198568,1.287000021,2.580466014,-3.095144476,1.160503983,0.1961662551,0.2521779507,-0.3618438313,-1.849075884,0.04355884515,-1.007514692,0.7166153322,-0.2740735516,-0.4423096086,0.2198328136,0.09791733685,-0.3176958114,0.691323782,0.6209538878,0.4336056859,-0.3838974857,-0.4745979722,0.7473769119,-0.3155708781,0.1262461307,-1.062848372,0.2524356671,-0.1158607861
338.6886201,0.02797241805,221.7809574,0.3681560763,0.8291651869,18.95947357,-0.01033508328,26.05117465,0.1961815161,0.01632559031,3.80079536,1.432645533,1.31701564,-2.534373987,1.955445736,0.6879681115,0.2148818562,-0.9708418563,-1.67522379,0.4834266277,-1.307923949,0.6218324146,-0.6392779835,-0.1803133849,0.002456919428,-1.263450373,0.5607704882,0.7949417528,0.4918018563,-0.0372960945,-0.6089980251,0.1738520931,0.4398677825,-0.3004092569,-0.09478291763,-0.3652044319,0.2619962237,-0.2173758942
287.2500759,0.02727215331,200.1481389,0.2865415476,0.8017227111,-51.43854419,-0.00070026474,-21.63281846,-0.08161452868,-0.02744247586,2.818786564,1.343952345,0.1039306321,-1.679853773,2.084938973,1.46765665,0.04141223468,-1.073804279,-1.016658935,0.313187963,-0.9007456751,0.6317314281,-0.3411157689,-0.4202270909,0.2461036527,-1.213085008,0.8545202144,0.1294932367,0.7796885388,-0.1734696215,-0.1029624226,0.6585648557,-0.1702386647,0.4071782735,0.009899013486,0.2981622146,-0.239913706,0.2436467333
265.5933315,0.02656779653,202.6978594,0.3105744156,0.8027502965,-21.65674437,-0.0007043567795,2.54972048,0.02403286799,0.001027585398,1.568185127,1.518682747,-0.6423585289,-0.5999443698,1.163937219,0.8705940048,-0.4119775218,-0.6529477231,-0.1058552119,0.007646392039,-0.2610121345,0.1559197028,-0.1596723423,-0.3512096177,0.4539868823,-0.7462891611,1.079909403,-0.9210017542,-0.5970626455,-0.4533897565,0.4208565558,0.9108037229,-0.3055415709,0.6397335406,-0.4758117253,0.1814434266,0.06901747316,0.2078832296
