422.9301345,0.02717761926,318.7300845,0.2674812685,0.8093229954,422.9301345,0.02717761926,318.7300845,0.2674812685,0.8093229954,0,0,0.3014161945,0.4204577915,0.2282635433,-0.05590470863,0.2874335178,-0.1483328552,-0.3956797571,0.03012784096,0.01543820489,-0.01738206173,-0.1190579997,-0.2592444707,0.06994543453,0.3014161945,0.4204577915,0.2282635433,-0.05590470863,0.2874335178,-0.1483328552,-0.3956797571,0.03012784096,0.01543820489,-0.01738206173,-0.1190579997,-0.2592444707,0.06994543453
410.0743018,0.02992731976,312.933942,0.3508524062,0.8390952825,-12.85583272,0.002749700495,-5.796142493,0.08337113761,0.02977228708,0.2225502152,0,-0.6303671516,0.9332446742,-0.1593313385,0.009829611695,-0.1353651681,-0.1095535953,-0.8916204999,0.3866361519,-0.1625521955,0.4696823226,-0.2718995469,0.2851925533,0.07639622704,-0.9317833461,0.5127868827,-0.3875948818,0.06573432032,-0.4227986858,0.03877925995,-0.4959407428,0.3565083109,-0.1779904004,0.4870643843,-0.1528415472,0.544437024,0.006450792511
419.5154338,0.03367496707,310.7806408,0.4100590845,0.8646778063,9.441132076,0.003747647309,-2.153301132,0.05920667839,0.02558252379,0.2663079089,1.250355792,-1.19873682,0.7625321281,-0.5775139542,-0.180847361,-0.1729697731,0.03343777548,-0.7013013858,0.7304949636,-0.1415618563,0.4349453565,-0.3258340125,0.02463472497,-0.04045539746,-0.5683696685,-0.1707125462,-0.4181826157,-0.1906769727,-0.03760460507,0.1429913707,0.190319114,0.3438588117,0.02099033922,-0.03473696604,-0.05393446557,-0.2605578284,-0.1168516245
436.874424,0.02995813243,319.9080324,0.3237581268,0.8349900756,17.35899015,-0.003716834632,9.127391611,-0.08630095771,-0.0296877307,0.1795950103,1.327098859,-0.5155439849,0.2600034972,-0.3669933363,-0.5512155224,-0.08791784725,-0.1730276796,-0.2333455919,0.06797124401,0.3434949777,0.05028062792,-0.1004494832,-0.03745141044,0.1017433219,0.6831928352,-0.5025286308,0.2105206179,-0.3703681614,0.0850519259,-0.2064654551,0.4679557939,-0.6625237196,0.485056834,-0.3846647286,0.2253845293,-0.06208613541,0.1421987194
398.3719075,0.02693182241,295.1262037,0.2898539728,0.8158110428,-38.5025165,-0.003026310022,-24.78182874,-0.03390415407,-0.01917903274,0.1951937716,1.21776314,-0.2138656464,0.1420085682,-0.2776802176,-0.2385863645,0.09266517884,-0.2437825576,-0.2898488847,0.2886481154,0.1299439807,0.2097477167,-0.0160029929,0.118336993,0.06177417885,0.3016783385,-0.117994929,0.08931311871,0.3126291579,0.1805830261,-0.07075487795,-0.05650329283,0.2206768714,-0.213550997,0.1594670888,0.08444649028,0.1557884034,-0.03996914306
403.5978753,0.02723700355,300.2452808,0.2938017739,0.8181846276,5.225967763,0.0003051811355,5.119077048,0.003947801174,0.002373584754,0.1753092033,1.112734611,-0.369089623,0.1129367541,-0.2382462863,-0.3844194256,0.2025963949,-0.2743825962,-0.2624908461,0.2510207039,0.248976791,0.2475394704,0.1168735275,0.08305497897,-0.02428775334,-0.1552239766,-0.02907181414,0.03943393122,-0.1458330611,0.1099312161,-0.0306000386,0.02735803858,-0.03762741152,0.1190328103,0.03779175365,0.1328765204,-0.035282014,-0.08606193219
256.8250376,0.02802475116,220.9141047,0.3047407508,0.7669078831,-146.7728377,0.0007877476127,-79.33117601,0.01093897687,-0.05127674447,1.747124666,1.503964601,-0.05522023326,0.242260205,-0.195925385,-0.1660474371,0.2480874009,-0.2549270727,-0.3068755372,0.2558319721,0.2065465412,0.05748087205,-0.2110895082,-0.1824489709,0.1373799423,0.3138693897,0.1293234509,0.04232090134,0.2183719885,0.04549100593,0.01945552345,-0.04438469104,0.004811268234,-0.04243024973,-0.1900585983,-0.3279630357,-0.2655039499,0.1616676956
287.5373369,0.02340729519,223.7509567,0.1353096413,0.7247090649,30.71229931,-0.004617455975,2.836851926,-0.1694311095,-0.04219881823,7.768663621,1.987484982,1.892033348,1.692077803,0.378307581,0.09086508617,0.1092644637,-0.0358958579,0.09499218906,0.3794422772,0.4396672214,-0.2162289149,0.3588918032,-0.3217051713,0.2146697577,1.947253582,1.449817599,0.574232966,0.2569125233,-0.1388229372,0.2190312148,0.4018677263,0.1236103051,0.2331206801,-0.273709787,0.5699813114,-0.1392562004,0.0772898154
273.6560082,0.02957491855,193.5790265,0.1588110857,0.7487791664,-13.88132873,0.006167623367,-30.17193015,0.02350144441,0.02407010154,13.4556366,1.465036823,2.884011663,2.245950929,-0.8303173832,-0.754998505,1.357937481,-0.4598151447,0.07694538201,1.101536193,-0.9518801241,-1.043482065,0.32679731,-0.4005517298,-0.04847723389,0.9919783144,0.5538731259,-1.208624964,-0.8458635912,1.248673017,-0.4239192868,-0.01804680706,0.7220939161,-1.391547345,-0.8272531503,-0.03209449322,-0.07884655847,-0.2631469916
332.3084915,0.03166094525,238.2198374,0.1266449599,0.7575313208,58.65248337,0.002086026701,44.64081087,-0.03216612576,0.008752154353,7.090611235,1.315888102,1.52211571,0.6196014979,1.163468503,-1.38761372,-1.060828327,-1.573044531,0.08238882141,-0.3221399563,-0.07544377921,-1.061485374,0.09489729415,-0.06450225749,0.1380091884,-1.361895952,-1.626349432,1.993785886,-0.6326152145,-2.418765808,-1.113229387,0.005443439404,-1.42367615,0.8764363449,-0.01800330839,-0.2319000159,0.3360494723,0.1864864223
333.2254391,0.02949485595,233.8590701,0.2223118016,0.7875807996,0.9169475681,-0.002166089303,-4.360767287,0.0956668417,0.03004947881,12.27423119,1.142876869,0.913789552,0.02896895401,1.310755367,-1.943261254,-1.267509271,-1.237747065,0.02459470865,-0.5305372613,0.3684521924,-0.8593199663,0.1572315184,-0.2763226099,0.3448396271,-0.6083261584,-0.5906325439,0.1472868641,-0.555647534,-0.206680944,0.3352974661,-0.05779411277,-0.208397305,0.4438959716,0.2021654074,0.0623342242,-0.2118203524,0.2068304387
321.8034868,0.03218351855,213.317216,0.201199709,0.8120800159,-11.42195229,0.002688662598,-20.54185407,-0.02111209258,0.02449921635,5.980544602,1.368466051,0.03117712165,-0.2402021173,0.8313627631,-1.673017232,-1.050798817,-1.202313684,0.1548763221,-0.4592796623,0.6603524636,-0.6101482754,-0.009049503651,-0.4294171331,0.3151070925,-0.8826124304,-0.2691710713,-0.4793926041,0.270244022,0.2167104537,0.03543338104,0.1302816134,0.071257599,0.2919002712,0.2491716909,-0.166281022,-0.1530945232,-0.02973253454
346.9170787,0.03381879056,230.3209308,0.2347353504,0.8257798743,25.1135919,0.001635272014,17.00371478,0.03353564135,0.01369985835,1.913061975,1.246090552,-0.679291635,-0.03383649681,0.9826695547,-0.9270701957,-1.01964102,-0.7755566379,0.05581339771,-0.2895061444,0.4732386906,-0.4429222754,0.2748571996,-0.3350991282,0.3031108823,-0.7104687566,0.2063656205,0.1513067916,0.7459470358,0.03115779751,0.4267570464,-0.09906292438,0.169773518,-0.187113773,0.167226,0.2839067032,0.09431800498,-0.01199621024
350.9029667,0.0423512846,223.1812634,0.3459787788,0.8701329692,3.985888019,0.008532494038,-7.13966741,0.1112434284,0.0443530949,1.893461843,1.337143979,-1.165805932,0.1561962026,1.740526656,0.07589016949,-0.3669215733,-0.07627248646,-0.3166896295,-0.2495585915,-0.3642130702,-0.4006523154,0.1842820108,-0.6854899712,0.05146409657,-0.4865142968,0.1900326994,0.757857101,1.002960365,0.6527194465,0.6992841514,-0.3725030272,0.03994755288,-0.8374517608,0.04226995997,-0.09057518874,-0.3503908431,-0.2516467857
316.440286,0.04485051574,199.018218,0.3082624543,0.8583801048,-34.46268077,0.002499231139,-24.16304541,-0.03771632443,-0.01175286444,1.58391521,1.469553282,-1.187546434,-0.5015254518,1.972619869,-0.1184613735,0.7004133847,-0.4248974474,-1.197659801,-0.8534542603,-0.3447852196,0.6143376245,-0.02271672233,0.09984132724,-0.2906083709,-0.02174050189,-0.6577216544,0.2320932135,-0.194351543,1.067334958,-0.348624961,-0.8809701714,-0.6038956688,0.01942785061,1.01498994,-0.2069987332,0.7853312985,-0.3420724675
294.3580379,0.04409973195,185.5062262,0.2804326616,0.8473803078,-22.08224806,-0.0007507837904,-13.51199183,-0.02782979273,-0.01099979691,0.9885846642,1.134230855,-1.084203896,-1.579251946,1.808194623,-0.2986357768,0.5410871609,-0.8220526738,-0.9453541876,-0.7893566164,-0.528370888,0.3151680069,0.1965498306,-0.1162690592,-0.2838821015,0.1033425377,-1.077726495,-0.1644252465,-0.1801744033,-0.1593262238,-0.3971552264,0.2523056133,0.06409764391,-0.1835856684,-0.2991696176,0.219266553,-0.2161103864,0.006726269401
