434.7662418,0.03404564121,303.1638069,0.3299945305,0.8499033798,434.7662418,0.03404564121,303.1638069,0.3299945305,0.8499033798,0,0,-0.7348451553,-0.6577518323,0.2752709017,0.2559257573,0.3906666445,-0.136911411,-0.9963080302,-0.2195677877,0.1956822757,0.1898391547,-0.1562465928,0.1155419721,-0.3937987198,-0.7348451553,-0.6577518323,0.2752709017,0.2559257573,0.3906666445,-0.136911411,-0.9963080302,-0.2195677877,0.1956822757,0.1898391547,-0.1562465928,0.1155419721,-0.3937987198
384.286991,0.03482441247,271.2418856,0.3256468465,0.8433238823,-50.47925079,0.0007787712577,-31.92192126,-0.004347684021,-0.006579497497,0.2448787438,0,-0.3314336766,0.09315149298,-0.2951047642,-0.5487397744,0.1149612918,-0.2828375962,-0.3800347252,0.2244130136,0.1230072997,-0.09303754531,-0.0302441363,-0.1349695433,-0.01832541624,0.4034114788,0.7509033253,-0.5703756659,-0.8046655317,-0.2757053527,-0.1459261852,0.616273305,0.4439808013,-0.07267497599,-0.2828767,0.1260024565,-0.2505115154,0.3754733036
390.2828479,0.03023118994,285.8654818,0.306266804,0.8265762986,5.995856917,-0.004593222534,14.62359612,-0.01938004242,-0.01674758378,0.2086955242,1.224600972,-0.001015919454,0.1029247077,-0.07930860929,-0.3820033079,-0.02847694558,-0.2922866188,-0.2768460165,0.09404399873,0.2118985537,-0.08819853652,0.13312493,0.1507819605,0.1741207521,0.3304177571,0.009773214734,0.2157961549,0.1667364665,-0.1434382373,-0.009449022616,0.1031887087,-0.1303690149,0.08889125403,0.004839008792,0.1633690663,0.2857515038,0.1924461684
436.8186242,0.02755228116,322.8261391,0.3008234859,0.8230211453,46.53577624,-0.002678908771,36.96065737,-0.005443318177,-0.003555153252,0.1668082872,1.297751339,-0.2402815009,0.3956188257,-0.02878959428,-0.2164988327,0.2507938817,-0.1439266974,-0.07940115625,0.3205798868,0.231621406,0.2734054436,-0.1330625402,-0.1644677631,0.04548011401,-0.2392655815,0.292694118,0.05051901501,0.1655044752,0.2792708273,0.1483599214,0.1974448602,0.2265358881,0.01972285234,0.3616039802,-0.2661874703,-0.3152497236,-0.1286406381
427.7474213,0.0295752112,312.5922568,0.3077379407,0.8299029799,-9.071202848,0.002022930032,-10.23388237,0.006914454854,0.006881834569,0.1528822952,1.086478163,-0.2271182129,0.01842021257,-0.103435652,-0.2242289858,0.0877033251,-0.1835992468,-0.1308595807,0.2376620083,0.3007984976,0.004801681749,0.02691289286,0.03900737247,0.04717242315,0.013163288,-0.3771986131,-0.07464605772,-0.007730153134,-0.1630905566,-0.03967254937,-0.0514584244,-0.08291787847,0.06917709152,-0.2686037619,0.1599754331,0.2034751356,0.001692309138
430.0704508,0.03339997411,310.4571609,0.3156302175,0.8368873507,2.323029473,0.003824762918,-2.135095816,0.007892276755,0.006984370814,0.170195842,1.445273172,-0.231133863,0.2123967528,-0.1266742658,-0.4736119344,-0.01463374183,-0.3581413003,-0.4186758515,0.06735929241,-0.05398177652,0.1270075613,-0.1415775435,-0.0965756742,0.02414588681,-0.004015650054,0.1939765402,-0.02323861383,-0.2493829486,-0.1023370669,-0.1745420535,-0.2878162708,-0.1703027159,-0.3547802741,0.1222058796,-0.1684904363,-0.1355830467,-0.02302653634
405.7437938,0.03712870788,301.705251,0.3914911725,0.851758098,-24.32665703,0.003728733764,-8.751909908,0.07586095504,0.01487074726,0.1962531755,1.33761366,-0.2812365651,0.1039446521,-0.2255532379,-0.4073854724,0.2078902435,-0.3075610515,-0.3462631811,0.04011052288,0.2559918259,0.1682065427,-0.05555859769,-0.1025235745,0.1276269638,-0.05010270211,-0.1084521007,-0.09887897205,0.06622646204,0.2225239853,0.05058024882,0.07241267039,-0.02724876953,0.3099736024,0.04119898142,0.08601894579,-0.005947900282,0.103481077
293.1203281,0.0206313639,247.6205075,0.1724918458,0.6996616656,-112.6234657,-0.01649734398,-54.08474354,-0.2189993267,-0.1520964324,3.068638543,1.674934889,0.6668762302,1.152821606,0.277242789,0.1734159657,0.4068332004,-0.03787451293,-0.243272789,0.113443122,0.1964556511,0.1440719788,0.07496592903,-0.09022290843,0.132467493,0.9481127953,1.048876954,0.5027960269,0.580801438,0.198942957,0.2696865386,0.1029903921,0.07333259916,-0.0595361748,-0.02413456395,0.1305245267,0.01230066605,0.004840529225
307.4769904,0.01992117248,243.0144905,0.0807474926,0.6959751422,14.35666239,-0.0007101914126,-4.606016994,-0.09174435322,-0.003686523381,7.52257352,1.696751641,2.423996318,2.020294187,-0.2831698502,0.2767266814,-0.5118480715,0.05499846358,-0.5533402813,0.8230390597,-0.007968524113,0.4175555062,0.09808362536,0.1909897623,-0.1069435559,1.757120087,0.8674725808,-0.5604126392,0.1033107157,-0.9186812719,0.09287297651,-0.3100674923,0.7095959376,-0.2044241752,0.2734835274,0.02311769633,0.2812126707,-0.2394110489
297.8679906,0.02569237248,221.2642647,0.1786666607,0.7473580766,-9.608999878,0.005771199997,-21.75022585,0.09791916806,0.05138293442,12.1835792,1.620881541,3.087544282,1.529996126,-1.437472836,-0.02089946335,0.5434023469,1.784087908,-0.08118067418,0.1262058634,-0.3605889444,-0.3900340742,-0.6037407957,-0.007070314578,-0.3652051185,0.6635479639,-0.4902980609,-1.154302985,-0.2976261447,1.055250418,1.729089444,0.4721596071,-0.6968331963,-0.3526204202,-0.8075895804,-0.7018244211,-0.1980600769,-0.2582615626
322.0003913,0.02621129758,240.6611546,0.157459586,0.7398817848,24.13240075,0.0005189251019,19.39688994,-0.02120707466,-0.007476291775,9.002385105,1.286425472,1.265640822,1.529733581,0.9949965088,-0.202712886,-0.5025474326,1.027038943,-0.2367879999,-0.3635758078,-0.5692255113,-1.514326794,-0.4068494952,0.2784625765,-0.3847312023,-1.821903459,-0.0002625446629,2.432469344,-0.1818134227,-1.04594978,-0.7570489649,-0.1556073257,-0.4897816711,-0.208636567,-1.12429272,0.1968913006,0.2855328911,-0.01952608382
274.7784112,0.02064623119,208.9718609,0.2278568155,0.7456069828,-47.2219801,-0.005565066394,-31.68929367,0.07039722949,0.005725197988,10.60885123,1.114641331,1.016830317,1.787364476,1.207591178,-0.2050924747,-0.3368768373,0.7313067484,-0.3790963386,0.6384307776,-0.6261475857,-1.837623495,-0.5029635874,-0.0957782673,-0.7251401166,-0.2488105056,0.2576308949,0.212594669,-0.00237958872,0.1656705953,-0.2957321946,-0.1423083387,1.002006585,-0.05692207438,-0.3232967008,-0.09611409223,-0.3742408438,-0.3404089143
326.3289178,0.0304713195,249.627723,0.3755512645,0.8222700459,51.55050662,0.009825088316,40.65586208,0.147694449,0.07666306305,9.054319386,1.52639561,0.9811653778,2.087404046,0.544138061,0.03410566569,-1.09156156,0.72956904,-0.8528903253,1.329062392,0.1515521273,-1.004064591,0.3270587059,-0.3429829421,-0.4385321164,-0.03566493902,0.3000395699,-0.6634531168,0.2391981404,-0.7546847231,-0.0017377084,-0.4737939867,0.6906316146,0.777699713,0.8335589035,0.8300222933,-0.2472046748,0.2866080002
370.9231373,0.02861412904,299.2134618,0.2100160831,0.761571539,44.59421946,-0.001857190461,49.58573875,-0.1655351814,-0.06069850691,2.723793588,1.675602034,-0.3140378035,3.341348864,0.7895783658,-0.01894250352,0.09222907407,0.0569617247,-0.6251939177,0.5806716733,0.3418036125,-0.2086546755,0.432957179,-0.1538243269,-0.1807585159,-1.295203181,1.253944818,0.2454403049,-0.05304816921,1.183790635,-0.6726073153,0.2276964075,-0.7483907188,0.1902514852,0.7954099155,0.1058984731,0.1891586152,0.2577736005
343.9364308,0.028352935,266.7714747,0.2255661037,0.7814268704,-26.98670653,-0.0002611940401,-32.44198709,0.0155500206,0.01985533145,0.9772444977,1.378626307,1.203979491,1.555487398,0.4479509081,0.2836658575,-0.462409817,0.195307226,-0.9913227493,0.48678771,0.04667423307,-0.04662774979,0.187278004,0.2424875221,-0.1057559124,1.518017295,-1.785861466,-0.3416274577,0.302608361,-0.5546388911,0.1383455013,-0.3661288316,-0.09388396331,-0.2951293795,0.1620269257,-0.2456791749,0.396311849,0.0750026035
370.4041394,0.03876212757,248.3225462,0.2414413813,0.8312842518,26.46770858,0.01040919256,-18.44892851,0.01587527756,0.04985738139,1.323753311,1.36516925,0.6611735018,-1.255024012,0.5267524006,-0.8737008612,-0.6575297728,-0.7310289298,-1.079096895,0.3999303507,0.4258373052,-0.2537821323,-0.1552948647,0.4036402676,-0.1247552541,-0.5428059892,-2.81051141,0.07880149243,-1.157366719,-0.1951199558,-0.9263361558,-0.08777414553,-0.08685735929,0.3791630722,-0.2071543825,-0.3425728687,0.1611527456,-0.01899934171
325.3233662,0.04379212946,202.382756,0.2607438462,0.8443579852,-45.08077316,0.005030001891,-45.93979015,0.01930246494,0.01307373343,0.5720674781,1.108274484,0.1671601335,-1.747573313,-0.327655106,-0.7953491248,-0.6815982941,-0.1900448256,-1.036403359,0.01112002406,0.6553076436,-0.3138526588,-0.5175010871,0.1916456904,-0.06498328531,-0.4940133683,-0.4925493008,-0.8544075066,0.07835173638,-0.02406852123,0.5409841041,0.04269353604,-0.3888103267,0.2294703384,-0.06007052656,-0.3622062224,-0.2119945773,0.05977196878
