357.5146726,0.04259425506,217.2081148,0.3120168574,0.8611533394,357.5146726,0.04259425506,217.2081148,0.3120168574,0.8611533394,0,0,-0.1407052059,-2.903597835,-1.734532168,0.125971262,1.07811247,-0.1592404337,0.2231189618,1.106125707,-0.328765735,-0.3860043349,-0.117328491,0.2045978601,0.4537328736,-0.1407052059,-2.903597835,-1.734532168,0.125971262,1.07811247,-0.1592404337,0.2231189618,1.106125707,-0.328765735,-0.3860043349,-0.117328491,0.2045978601,0.4537328736
385.1498132,0.04077969892,235.3922718,0.2749725943,0.8541836226,27.63514058,-0.001814556144,18.18415707,-0.0370442631,-0.006969716781,0.07674473297,0,-1.335234857,-0.2269127362,0.04788013256,0.09998247167,0.514995475,-0.333355429,-0.405481095,0.2935883097,0.2678094928,0.4253286523,0.1676173718,0.03986718525,0.2751764016,-1.194529651,2.676685099,1.782412301,-0.02598879035,-0.563116995,-0.1741149953,-0.6286000567,-0.8125373974,0.5965752277,0.8113329872,0.2849458628,-0.1647306749,-0.178556472
407.2456771,0.02798967208,296.4662502,0.3597454644,0.8394028181,22.09586393,-0.01279002684,61.07397832,0.08477287003,-0.01478080452,0.1326934188,1.234469872,-1.20207299,-0.09014138799,-0.02499684243,-0.007942655516,0.4814515276,-0.3671785074,-0.340846261,0.1828378574,0.3873694627,0.4693694329,-0.03364473867,-0.1109581448,0.06950130681,0.1331618669,0.1367713483,-0.07287697499,-0.1079251272,-0.03354394736,-0.03382307836,0.06463483394,-0.1107504523,0.11955997,0.04404078059,-0.2012621105,-0.15082533,-0.2056750948
418.269627,0.02463802147,301.5273724,0.3668186797,0.8366630988,11.02394986,-0.00335165061,5.061122227,0.007073215325,-0.002739719308,0.07234243894,1.30774958,-1.320205385,-0.2498108876,0.2117274969,0.2658443952,0.5008525192,-0.4411501912,-0.3634581316,0.3621469253,0.3549889335,0.3532206891,-0.01042502261,0.01438737613,0.06263092114,-0.1181323949,-0.1596694996,0.2367243393,0.2737870507,0.01940099158,-0.07397168385,-0.0226118706,0.1793090679,-0.03238052921,-0.1161487438,0.02321971606,0.1253455209,-0.006870385667
205.9996141,0.06869281493,168.374653,0.3739255729,0.8927251379,-212.2700129,0.04405479346,-133.1527194,0.00710689323,0.05606203915,4.17703974,1.721880061,-3.313985402,-3.285477702,1.557826662,0.08386039913,-0.1404660616,-0.6167534217,1.424850919,0.02150305679,-0.03619362455,0.5559280052,0.2970852202,-0.2841823632,-0.08136915812,-1.993780018,-3.035666815,1.346099165,-0.181983996,-0.6413185808,-0.1756032305,1.788309051,-0.3406438685,-0.3911825581,0.2027073162,0.3075102428,-0.2985697393,-0.1440000793
297.7605792,0.06352828119,147.7347814,0.3959291531,0.8976814861,91.76096515,-0.005164533733,-20.63987152,0.02200358021,0.004956348175,1.450769212,1.599498219,-4.157080795,-1.696002507,2.749223895,0.007167978319,0.0415459233,-0.1588222831,0.9266184491,0.1902541963,-0.01860957045,-0.01263004675,-0.1450457364,-0.2619955348,-0.4207864156,-0.843095393,1.589475195,1.191397233,-0.07669242081,0.1820119849,0.4579311386,-0.4982324701,0.1687511395,0.0175840541,-0.568558052,-0.4421309566,0.02218682836,-0.3394172574
268.1470676,0.02882334686,182.7097803,0.1640541738,0.7778688532,-29.61351165,-0.03470493433,34.97499891,-0.2318749793,-0.1198126328,11.69998753,1.342267083,0.1968113298,-1.571759607,3.442112941,0.5277559889,0.4171500383,-0.9671753206,0.5524963373,0.6829862937,-0.5308626138,-0.07719633737,-1.107549122,0.1655280072,-0.4501069926,4.353892125,0.1242428995,0.6928890461,0.5205880106,0.375604115,-0.8083530375,-0.3741221118,0.4927320974,-0.5122530434,-0.06456629062,-0.9625033858,0.427523542,-0.02932057702
265.2909855,0.03060624733,183.7580639,0.1644039573,0.770992671,-2.85608208,0.00178290047,1.048283512,0.0003497834633,-0.006876182251,10.02407478,1.397789128,1.063765749,-2.059915157,3.721854138,0.37675561,0.6828300383,-1.07407389,0.1281451812,0.7484499071,-0.8798006952,-0.2245974824,-1.376113927,0.4854256459,-0.5975302956,0.866954419,-0.4881555491,0.2797411968,-0.1510003789,0.26568,-0.1068985695,-0.424351156,0.06546361339,-0.3489380814,-0.147401145,-0.2685648047,0.3198976387,-0.147423303
355.4096182,0.01653805495,250.0973177,0.2460692988,0.7558303269,90.11863267,-0.01406819239,66.3392539,0.0816653415,-0.01516234411,12.73595912,1.296865374,0.6919043227,-1.804878462,3.833539789,0.8157988544,0.4239945718,-0.9014524794,0.366090859,0.8706518301,-0.8358921337,-0.1536989332,-1.331783542,0.5154707731,-0.7072878561,-0.3718614261,0.2550366948,0.111685651,0.4390432445,-0.2588354665,0.1726214106,0.2379456778,0.122201923,0.04390856149,0.07089854924,0.04433038539,0.03004512725,-0.1097575606
364.509689,0.01220509506,278.2757135,0.190211179,0.6942833624,9.100070796,-0.004332959882,28.17839575,-0.05585811985,-0.06154696446,7.64039637,1.36525954,1.300189164,-0.987160991,3.796731245,1.236064537,0.4232330497,-0.8839533201,1.086171469,0.8856719509,-0.7069268992,0.05482291808,-1.170075618,0.3731165544,-0.8071726939,0.6082848417,0.8177174708,-0.03680854387,0.4202656828,-0.0007615220659,0.01749915933,0.7200806096,0.01502012086,0.1289652345,0.2085218513,0.1617079233,-0.1423542187,-0.09988483772
369.6903692,0.01250568425,290.7682963,0.2052629996,0.6904521839,5.180680216,0.0003005891893,12.4925828,0.01505182069,-0.003831178575,9.603828049,1.144457434,0.6170059723,-0.7710526312,4.139838763,1.109434039,0.6354066163,-0.7209305382,1.520614123,1.002039032,-0.7007353355,0.3258204209,-0.9568351886,0.2303114424,-0.9017471688,-0.6831831921,0.2161083598,0.3431075179,-0.1266304978,0.2121735666,0.1630227819,0.4344426541,0.1163670811,0.006191563678,0.2709975028,0.2132404297,-0.1428051121,-0.09457447492
438.3832543,0.009789399774,355.213547,0.2021534253,0.6733518976,68.69288509,-0.002716284479,64.44525071,-0.003109574377,-0.0171002863,11.1074404,1.40618152,-0.1087645843,-0.5921725277,4.756323209,1.320826331,0.6179056108,-0.8028263298,1.779234079,0.9601785954,-0.5972163218,0.3609377548,-0.8176816506,0.2142810144,-0.5775098141,-0.7257705566,0.1788801034,0.6164844465,0.211392292,-0.01750100545,-0.08189579164,0.2586199563,-0.04186043661,0.1035190137,0.03511733394,0.139153538,-0.01603042796,0.3242373547
344.6176822,0.01051266235,279.610035,0.1221902292,0.6315508834,-93.76557211,0.0007232625773,-75.60351205,-0.07996319606,-0.04180101412,7.875097473,1.241218711,-0.9057982109,0.1779191698,4.504876284,1.423791035,0.7307420497,-0.8044955992,1.920042835,0.411253758,-0.4729266982,0.6936081482,-0.6305849361,0.3396628289,-0.3120232127,-0.7970336266,0.7700916976,-0.2514469249,0.102964704,0.1128364389,-0.001669269334,0.1408087564,-0.5489248374,0.1242896236,0.3326703934,0.1870967145,0.1253818145,0.2654866013
308.5519785,0.01788052605,256.117347,0.172622331,0.6899630754,-36.06570364,0.007367863701,-23.49268792,0.05043210176,0.05841219199,10.45589466,0.939792437,-3.872365308,1.314125181,3.077654695,1.283090418,-0.01488752956,0.6063058265,0.9563240972,0.03096267605,0.70221005,0.8594098525,-0.1549284636,-0.0001849954881,-0.07644621004,-2.966567097,1.136206011,-1.427221589,-0.1407006177,-0.7456295793,1.410801426,-0.9637187381,-0.380291082,1.175136748,0.1658017043,0.4756564725,-0.3398478244,0.2355770027
355.1707694,0.0150060199,252.9031142,0.2117433265,0.7444554629,46.61879082,-0.002874506149,-3.214232887,0.03912099552,0.05449238751,3.81480188,1.719457945,-1.760158332,-1.038567216,3.100966512,0.7067270979,-0.1586246402,0.3651675114,0.2878235912,0.2605982367,0.4346306224,0.4093068466,-0.0946092395,-0.2387576012,-0.119318849,2.112206976,-2.352692397,0.02331181616,-0.5763633198,-0.1437371106,-0.2411383152,-0.668500506,0.2296355607,-0.2675794276,-0.4501030059,0.06031922413,-0.2385726057,-0.04287263896
267.4074145,0.01988553895,209.3416206,0.2223120649,0.74712267,-87.76335482,0.004879519051,-43.56149356,0.01056873841,0.002667207015,0.7522879349,1.397789864,-0.9570206528,-0.5433412721,1.015313978,1.376658207,0.7616750414,-0.3101525625,-0.04622577438,0.595709171,0.3447087068,0.1776480056,0.08746422552,0.06241284655,-0.2077904412,0.8031376794,0.4952259434,-2.085652534,0.6699311092,0.9202996816,-0.6753200738,-0.3340493656,0.3351109343,-0.0899219156,-0.231658841,0.182073465,0.3011704477,-0.08847159217
