273.0060877,0.03750765886,206.5228563,0.5335994644,0.9048740202,273.0060877,0.03750765886,206.5228563,0.5335994644,0.9048740202,0,0,-0.7335726931,0.2365824675,0.06485969684,-0.203321601,0.3620574674,0.002296074343,-0.2591018795,0.3381723248,0.270227384,0.2316072864,-0.004409053158,0.04974710189,0.2139085627,-0.7335726931,0.2365824675,0.06485969684,-0.203321601,0.3620574674,0.002296074343,-0.2591018795,0.3381723248,0.270227384,0.2316072864,-0.004409053158,0.04974710189,0.2139085627
284.3924468,0.03278688716,217.8768921,0.4009664422,0.8433993138,11.38635911,-0.004720771696,11.35403575,-0.1326330222,-0.06147470633,4.510122731,0,-3.515312319,0.7176895951,0.2688891194,-0.08646197288,1.091940956,0.3690075807,0.2942033676,-0.2758298343,-0.06890378637,0.5720181496,-0.0728635643,-0.09000246567,-0.3734647855,-2.781739626,0.4811071276,0.2040294226,0.1168596282,0.7298834883,0.3667115064,0.553305247,-0.6140021592,-0.3391311704,0.3404108632,-0.06845451115,-0.1397495676,-0.5873733482
279.4594302,0.03031311686,217.2874551,0.3636186013,0.8238005997,-4.933016638,-0.002473770299,-0.5894369567,-0.03734784097,-0.0195987141,1.360030487,1.293560103,-0.8080136052,-0.557054069,0.9092217883,0.6806721793,1.862006753,0.8966361201,0.7162845082,-0.5759960321,-1.226525959,0.1026166141,0.7029126049,-0.5564116884,-0.6184052818,2.707298713,-1.274743664,0.6403326689,0.7671341522,0.7700657973,0.5276285393,0.4220811407,-0.3001661978,-1.157622172,-0.4694015355,0.7757761692,-0.4664092227,-0.2449404963
232.3676705,0.04235796142,177.4007306,0.3027855624,0.8134656412,-47.09175966,0.01204484456,-39.88672452,-0.06083303883,-0.01033495849,3.425418127,1.388798491,-0.7040692697,0.9609295496,0.4927157725,0.3540764985,0.5950176511,0.2120818666,0.04831368602,-0.2629124883,-0.6738656226,-0.03649109411,0.1176278935,-0.3776335106,-0.5382770275,0.1039443355,1.517983619,-0.4165060158,-0.3265956808,-1.266989102,-0.6845542534,-0.6679708222,0.3130835438,0.5526603362,-0.1391077082,-0.5852847114,0.1787781778,0.08012825428
309.983401,0.02271443544,220.7013556,0.2365818355,0.7630179381,77.61573043,-0.01964352598,43.30062498,-0.06620372699,-0.05044770313,11.60303665,1.644122088,2.675045433,0.3912103026,0.1847207612,-0.5169074848,-0.3517063579,-0.4251604765,-0.4273879328,0.2346637879,-0.4119355049,-1.072052755,-0.2385640897,-0.3922310339,-0.3380818633,3.379114703,-0.569719247,-0.3079950113,-0.8709839832,-0.946724009,-0.6372423431,-0.4757016188,0.4975762762,0.2619301177,-1.035561661,-0.3561919832,-0.01459752337,0.2001951642
298.5036601,0.02513531551,202.9878177,0.1375348035,0.740255131,-11.4797409,0.002420880073,-17.71353792,-0.09904703191,-0.02276280712,9.909015021,1.423945575,2.26408786,0.1718991202,0.3113668848,-1.794352236,-0.6686456808,-0.9613759085,-1.05613799,0.1627189158,-0.1097289595,-0.7954552366,-0.447012417,-0.1555710328,-0.4145901478,-0.4109575731,-0.2193111823,0.1266461236,-1.277444751,-0.3169393229,-0.536215432,-0.6287500572,-0.07194487207,0.3022065454,0.2765975182,-0.2084483274,0.2366600011,-0.07650828447
363.1139112,0.02815985867,264.7824616,0.2187309438,0.7650229702,64.61025117,0.003024543158,61.7946439,0.08119614021,0.02476783925,9.236797363,1.423013382,3.115741339,1.082434702,0.003516640526,-1.673727853,-1.002215344,-0.4173617972,-1.110509533,0.01133786555,0.03355683656,-0.7482049027,-0.5041364097,-0.3636284693,0.3620842051,0.8516534785,0.9105355816,-0.3078502443,0.1206243826,-0.3335696635,0.5440141113,-0.05437154276,-0.1513810502,0.143285796,0.04725033388,-0.05712399263,-0.2080574364,0.7766743529
346.4866049,0.02940875652,244.2922346,0.116566002,0.7522340038,-16.62730635,0.001248897848,-20.49022697,-0.1021649417,-0.01278896647,9.021559894,1.226154252,2.824272079,0.0325381929,-0.6499415849,-0.9582894196,-0.8138966774,-0.4335134927,-0.8598027979,-0.2267328013,-0.3611597887,-0.8494946031,-0.7574717409,-0.5805909532,0.7451497368,-0.2914692595,-1.049896509,-0.6534582254,0.7154384336,0.1883186669,-0.01615169553,0.2507067348,-0.2380706668,-0.3947166253,-0.1012897005,-0.2533353313,-0.216962484,0.3830655317
352.1775955,0.03343369109,244.5854679,0.1750367807,0.7871211017,5.690990594,0.004024934575,0.2932332487,0.05847077868,0.03488709794,6.444629008,1.368965818,2.821542896,0.1538336965,-2.251156777,-0.7184554214,0.9341558196,-1.056527785,-0.4705897819,-0.3624678225,0.01347742669,-1.168423321,-1.286322096,0.3680970057,0.1428263134,-0.002729182842,0.1212955036,-1.601215192,0.2398339982,1.748052497,-0.6230142925,0.389213016,-0.1357350212,0.3746372154,-0.3189287177,-0.5288503552,0.9486879589,-0.6023234234
343.755044,0.03357543211,235.4221317,0.1846292751,0.7991570609,-8.422551426,0.0001417410167,-9.16333612,0.009592494359,0.0120359592,3.219361463,1.414103278,2.077342159,1.092097299,-2.113600062,-1.059849993,2.19265384,-0.4283766885,-0.7875752984,-0.8779756301,-0.2617924685,-0.4361270737,-1.146333936,0.1860594805,0.0007760635772,-0.7442007371,0.9382636027,0.1375567154,-0.3413945715,1.25849802,0.6281510968,-0.3169855165,-0.5155078076,-0.2752698952,0.7322962471,0.1399881597,-0.1820375252,-0.1420502499
358.1394618,0.03490645823,236.3932448,0.1846590219,0.8113948102,14.38441774,0.001331026116,0.9711130582,2.97467658e-05,0.0122377493,1.501738849,1.302556794,1.332085689,-0.3213537921,-2.009011541,-0.5559321309,0.7879414318,0.2102571595,-1.157172427,-1.024451774,-0.5774321984,-0.295904952,-0.139486353,0.2883776815,-0.2470180319,-0.7452564698,-1.413451091,0.104588521,0.5039178621,-1.404712408,0.638633848,-0.3695971288,-0.1464761441,-0.31563973,0.1402221217,1.006847583,0.1023182009,-0.2477940955
292.2758809,0.04378439316,170.5676941,0.3219170177,0.8511098701,-65.86358091,0.008877934936,-65.82555069,0.1372579958,0.0397150599,1.609765712,1.23049371,-0.07065765139,-2.603280492,-0.5731184378,-0.1647736181,0.1159956699,-0.006784596236,-1.237242845,-0.6258567058,-0.3704159896,-0.7220899782,0.2083955138,0.4396352733,-0.356709944,-1.402743341,-2.281926699,1.435893103,0.3911585128,-0.6719457619,-0.2170417557,-0.08007041827,0.3985950683,0.2070162088,-0.4261850262,0.3478818668,0.1512575918,-0.1096919121
366.451721,0.04872543833,216.966696,0.4021330074,0.8869188092,74.17584013,0.004941045168,46.39900194,0.08021598968,0.03580893913,1.13959176,1.48682334,-1.830468724,-1.645829723,-0.3143928071,0.2063970171,0.5376749109,-0.01898953793,-0.6756815749,-0.2637638398,-0.3232344343,-0.5033207747,0.07351669796,-0.04687214361,-0.3516424135,-1.759811072,0.9574507682,0.2587256306,0.3711706352,0.421679241,-0.0122049417,0.5615612706,0.3620928659,0.04718155532,0.2187692034,-0.1348788158,-0.4865074169,0.005067530459
425.165117,0.0534415972,250.4594068,0.4918225822,0.9082841956,58.71339603,0.004716158871,33.49271073,0.08968957487,0.02136538636,0.184479448,1.558364773,-2.469461637,-1.612850211,-0.4041534899,0.3837398034,0.2335177902,-0.3914340792,-0.4309787174,0.0577891227,0.06320476175,0.3081206065,0.03128407425,-0.05796293661,-0.03154914963,-0.6389929134,0.03297951222,-0.08976068273,0.1773427863,-0.3041571207,-0.3724445413,0.2447028575,0.3215529625,0.386439196,0.8114413813,-0.04223262371,-0.011090793,0.3200932639
392.3424142,0.05344421206,221.8703567,0.470126798,0.9032654047,-32.82270282,2.614858409e-06,-28.5890501,-0.02169578427,-0.005018790909,0.08915773776,1.316192647,-2.147719777,-2.105624589,-0.2750775435,0.3293665123,-0.004942949594,-0.1758845142,-0.3383777299,0.492863867,0.06699179158,0.2777368686,0.3303599221,-0.08986888091,-0.1673184872,0.3217418601,-0.4927743775,0.1290759464,-0.05437329111,-0.2384607398,0.2155495651,0.0926009875,0.4350747443,0.003787029831,-0.03038373799,0.2990758479,-0.03190594431,-0.1357693375
426.6112483,0.05118238632,240.7914825,0.4694547262,0.9025083333,34.26883403,-0.002261825739,18.9211258,-0.0006720717854,-0.0007570713486,0.08752601841,1.234147768,-2.029229378,-2.297258872,-0.3229569736,0.3578032433,0.006414085312,-0.2407659295,-0.1093100696,0.3344404751,-0.05627582084,0.3325998702,0.3875413901,-0.2856465413,-0.1647353165,0.1184903988,-0.1916342829,-0.04787943008,0.028436731,0.01135703491,-0.0648814153,0.2290676603,-0.1584233919,-0.1232676124,0.05486300166,0.05718146796,-0.1957776604,0.00258317067
416.8257782,0.05049911069,246.5615206,0.4860064163,0.904229861,-9.785470063,-0.0006832756305,5.77003816,0.01655169013,0.001721527679,0.08623404924,1.272555598,-2.347041005,-1.633832,-0.4477525237,0.2760036022,-0.2026704636,-0.4679400885,-0.2064250672,0.1932476682,-0.05921122273,0.3337090815,0.1356332499,-0.2671455075,-0.2411141019,-0.3178116268,0.6634268714,-0.1247955502,-0.08179964114,-0.209084549,-0.2271741591,-0.09711499759,-0.1411928069,-0.002935401895,0.001109211273,-0.2519081402,0.01850103386,-0.0763787854
402.3244841,0.04894687935,240.5939317,0.5010109208,0.9061612999,-14.50129407,-0.00155223134,-5.967588967,0.01500450453,0.001931438837,0.08110547908,1.198492299,-2.175834336,-1.393215325,-0.3184835433,0.08738597214,0.07065785938,-0.5879469402,-0.4733830267,0.1470440688,-0.1666964414,0.519542093,0.1855856466,-0.1711424829,0.05761440997,0.1712066693,0.2406166752,0.1292689804,-0.18861763,0.273328323,-0.1200068516,-0.2669579595,-0.04620359935,-0.1074852186,0.1858330116,0.04995239674,0.0960030246,0.2987285119
412.5485433,0.04993793729,250.6512146,0.50158563,0.90592324,10.22405919,0.0009910579385,10.05728291,0.0005747091271,-0.0002380598135,0.08218027299,1.188430176,-2.119046052,-1.2012031,-0.2095133787,-0.151899809,-0.2080105881,-0.5561394316,-0.4545814553,0.2309146048,0.02748786775,0.2240285627,0.1180399747,-0.2240328042,0.01899174766,0.05678828418,0.1920122253,0.1089701646,-0.2392857812,-0.2786684475,0.03180750856,0.0188015714,0.08387053592,0.1941843091,-0.2955135303,-0.06754567195,-0.05289032133,-0.03862266232
406.2148188,0.05348373782,258.0770371,0.4853701809,0.902172169,-6.333724484,0.003545800528,7.425822515,-0.01621544903,-0.003751071063,0.06982627036,1.239895951,-1.758340234,-0.9640661205,-0.2715125748,-0.1723031893,-0.0107178728,-0.1536975185,-0.1355985089,0.1904200769,0.08673853338,0.2888434726,0.06527950557,-0.1467172638,0.04717009882,0.3607058172,0.2371369792,-0.06199919615,-0.02040338027,0.1972927153,0.4024419131,0.3189829464,-0.04049452789,0.05925066563,0.06481490981,-0.05276046913,0.07731554043,0.02817835117
406.8797778,0.0440240244,266.1666198,0.4348018485,0.8866124874,0.6649589717,-0.009459713413,8.089582658,-0.05056833249,-0.01555968155,0.06153170008,1.310734093,-1.578657111,-0.7605981317,-0.2908753701,-0.2444633565,0.01641158118,-0.5916261268,-0.5552678302,0.09161080542,0.1490743414,0.3011943041,-0.1452243311,-0.1690172323,-0.01147048897,0.1796831233,0.2034679888,-0.01936279525,-0.0721601672,0.02712945398,-0.4379286083,-0.4196693213,-0.09880927145,0.06233580801,0.01235083153,-0.2105038367,-0.02229996851,-0.05864058779
419.8005378,0.03986175622,279.5498007,0.4171881209,0.8775500498,12.92075998,-0.004162268184,13.38318097,-0.0176137276,-0.009062437629,0.05644355362,1.273679306,-1.311789832,-0.7961314538,-0.4505198905,-0.07556788187,0.1301977736,-0.318760751,-0.3580105361,0.05000873672,0.2769966477,0.2321074862,0.1258010257,-0.02541207373,0.1336849832,0.2668672789,-0.03553332209,-0.1596445204,0.1688954746,0.1137861924,0.2728653758,0.1972572941,-0.0416020687,0.1279223063,-0.06908681786,0.2710253568,0.1436051586,0.1451554722
399.9833614,0.03844166018,268.1961538,0.4131648661,0.8740887721,-19.81717639,-0.001420096035,-11.35364698,-0.004023254719,-0.00346127772,0.05766558711,1.267690009,-1.228681541,-0.7386371348,-0.2988183982,-0.3222520208,-0.2680624426,-0.3623579747,-0.3470999655,0.1506337107,0.3131640826,0.4375984113,-0.006233026439,-0.1745456824,0.08415550363,0.08310829072,0.05749431898,0.1517014923,-0.2466841389,-0.3982602162,-0.0435972237,0.01091057057,0.100624974,0.03616743491,0.2054909251,-0.1320340521,-0.1491336086,-0.04952947958
423.188287,0.03470767338,291.5313628,0.3812920516,0.8591742369,23.20492565,-0.003733986801,23.335209,-0.03187281455,-0.01491453513,0.0586330315,1.24456209,-1.092074219,-0.6022475292,-0.5767617441,-0.2490963013,-0.0008416818133,-0.2558093066,-0.2480351859,0.1172309654,0.4055575758,0.32988799,-0.01583676322,0.03386128468,0.06128852951,0.1366073224,0.1363896056,-0.2779433459,0.0731557195,0.2672207608,0.1065486681,0.09906477965,-0.03340274526,0.09239349325,-0.1077104213,-0.00960373678,0.2084069671,-0.02286697412
392.2107978,0.03413653441,272.0811475,0.3791453796,0.8568236721,-30.97748928,-0.0005711389753,-19.45021524,-0.002146671957,-0.002350564811,0.05607776772,1.282148985,-0.9175974052,-0.3557601477,-0.4309907922,-0.445764543,0.2994736277,-0.4126925595,-0.505974471,0.08637374026,0.3259030561,0.331286564,0.01593522711,-0.1871741009,-0.01859964369,0.1744768138,0.2464873815,0.145770952,-0.1966682418,0.3003153096,-0.1568832529,-0.2579392852,-0.03085722517,-0.07965451978,0.001398573918,0.03177199033,-0.2210353856,-0.0798881732
391.0472261,0.03531605404,274.6036473,0.3639291295,0.8524985839,-1.163571643,0.001179519637,2.522499733,-0.0152162501,-0.004325088192,0.04829046006,1.222036868,-0.8933732265,-0.2288571002,-0.4993593788,-0.669052274,-0.04330465734,-0.248733881,-0.3606387925,0.2238695079,0.2375154292,0.4739141585,0.005366335438,-0.03939526835,0.1521500211,0.02422417867,0.1269030474,-0.06836858665,-0.2232877309,-0.3427782851,0.1639586785,0.1453356786,0.1374957676,-0.0883876269,0.1426275946,-0.01056889167,0.1477788326,0.1707496648
375.9648974,0.0348934609,264.546861,0.362449483,0.8536669831,-15.08232874,-0.0004225931388,-10.05678625,-0.001479646492,0.001168399181,0.04358581708,1.119244506,-1.028402212,-0.4016143924,-0.6153230534,-0.7055901114,-0.1534645781,-0.2805213173,-0.3997304354,0.1735077859,0.2358940501,0.1601076959,0.08353423055,0.009093973509,0.1833965962,-0.1350289856,-0.1727572922,-0.1159636746,-0.03653783747,-0.1101599207,-0.03178743632,-0.03909164289,-0.05036172194,-0.001621379079,-0.3138064626,0.07816789511,0.04848924186,0.03124657503
394.6042523,0.03843083032,273.4446932,0.4004110149,0.8682513422,18.63935495,0.003537369417,8.897832193,0.03796153192,0.01458435911,0.04353732141,1.246931901,-1.213045964,-0.3665694586,-0.2528388736,-0.4563363861,-0.03005218667,-0.1926224896,-0.1055648022,0.4028101582,0.3122222041,0.180673775,-0.008305901772,-0.03184650192,0.1464612413,-0.1846437515,0.03504493388,0.3624841798,0.2492537254,0.1234123914,0.08789882773,0.2941656332,0.2293023723,0.07632815402,0.02056607909,-0.09184013232,-0.04094047543,-0.03693535482
388.7124193,0.04152971211,269.9462692,0.3830668458,0.8629292837,-5.891833016,0.003098881792,-3.498424046,-0.01734416918,-0.005322058484,0.03706308295,1.288586083,-1.255458825,-0.1139753692,-0.2205838048,-0.4828480288,0.04250795237,-0.3379319048,-0.1922288764,0.04213635089,0.118612555,0.1882636396,0.00203751503,0.01690308374,0.2322011883,-0.04241286103,0.2525940893,0.0322550688,-0.02651164274,0.07256013903,-0.1453094152,-0.08666407423,-0.3606738073,-0.1936096491,0.007589864656,0.0103434168,0.04874958566,0.08573994695
414.6571636,0.03982991791,289.9977269,0.3589473236,0.8565576924,25.94474428,-0.001699794202,20.05145776,-0.02411952218,-0.006371591345,0.02958257465,1.209599162,-0.598828581,-0.1249202465,-0.5283864487,-0.6634520045,-0.1218314949,-0.4401504655,-0.5614158216,0.1559374875,0.2515299132,0.3544004142,0.02310184233,-0.03593185047,0.11855766,0.6566302436,-0.01094487731,-0.3078026439,-0.1806039757,-0.1643394473,-0.1022185607,-0.3691869452,0.1138011366,0.1329173582,0.1661367746,0.0210643273,-0.05283493421,-0.1136435283
405.1756774,0.03805117584,279.0829182,0.3972322407,0.8669272595,-9.481486207,-0.001778742075,-10.91480868,0.03828491711,0.01036956706,0.03532114384,1.171127916,-0.9821855043,-0.1021670916,-0.4769381245,-0.547218834,-0.01751421784,-0.4091683912,-0.4027447034,0.0262867636,0.1642942509,0.2379307796,0.107913497,-0.05204853573,0.1275241255,-0.3833569233,0.02275315491,0.05144832416,0.1162331705,0.1043172771,0.03098207436,0.1586711182,-0.1296507239,-0.0872356623,-0.1164696347,0.08481165467,-0.01611668527,0.008966465552
401.8564533,0.03269970242,282.2159369,0.3825160087,0.856109298,-3.319224055,-0.005351473418,3.133018679,-0.01471623195,-0.01081796145,0.03363748441,1.181708678,-1.146216847,-0.1112362887,-0.2372002926,-0.5841190909,0.01261575339,-0.2278582094,-0.2433424952,-0.002147305887,0.2672324065,0.3053677396,-0.08129157217,-0.04268685576,0.004214601642,-0.1640313424,-0.009069197093,0.2397378319,-0.03690025691,0.03012997123,0.1813101818,0.1594022082,-0.02843406948,0.1029381556,0.06743696005,-0.1892050692,0.009361679968,-0.1233095239
434.0453263,0.03371682397,304.8706112,0.3788561006,0.8586090234,32.18887293,0.001017121551,22.65467427,-0.003659908099,0.002499725434,0.02989230517,1.37737411,-1.021420585,-0.07739600682,-0.3047167687,-0.3149975908,-0.003058101124,-0.2534489224,-0.3601545815,0.1588588505,0.1230676166,0.1985163168,0.1467465636,-0.01910646637,0.2256813379,0.1247962613,0.0338402819,-0.06751647615,0.2691215001,-0.01567385451,-0.02559071303,-0.1168120863,0.1610061564,-0.1441647899,-0.1068514228,0.2280381358,0.02358038939,0.2214667362
375.4057818,0.03790290912,263.6718779,0.3743630086,0.856375909,-58.63954447,0.004186085152,-41.19873325,-0.004493092023,-0.00223311444,0.03408393806,1.321168053,-1.242215164,-0.4993437087,-0.5956027706,-0.4636933888,0.2796047743,-0.3653254386,-0.3200979482,0.4100448107,0.3300912678,0.1515829261,-0.04241775854,-0.006489484269,0.1110691619,-0.2207945785,-0.4219477019,-0.2908860019,-0.148695798,0.2826628754,-0.1118765162,0.04005663322,0.2511859602,0.2070236512,-0.04693339062,-0.1891643222,0.0126169821,-0.114612176
367.7367247,0.03664451886,261.1791882,0.3616150131,0.8545280899,-7.669057068,-0.001258390264,-2.492689703,-0.01274799553,-0.001847819107,0.02793995614,1.189915066,-0.9795782091,-0.1704825885,-0.4163991864,-0.350147211,0.03139200478,-0.1810772867,-0.2886040793,0.2236926875,0.2004933844,0.1625215909,-0.01331359305,0.04342858889,0.04955388585,0.2626369548,0.3288611202,0.1792035843,0.1135461778,-0.2482127695,0.1842481519,0.03149386893,-0.1863521232,-0.1295978834,0.01093866479,0.02910416549,0.04991807316,-0.061515276
