204.5133476,0.06286242443,255.9771568,0.5646892849,0.9151943363,204.5133476,0.06286242443,255.9771568,0.5646892849,0.9151943363,0,0,-6.171432986,-1.545161402,0.8166707964,-0.1571624015,-0.9937752794,0.8038867357,0.1540209436,-0.2253750212,-0.05178637296,0.1098310024,-0.137483732,-0.2545186968,0.1070355799,-6.171432986,-1.545161402,0.8166707964,-0.1571624015,-0.9937752794,0.8038867357,0.1540209436,-0.2253750212,-0.05178637296,0.1098310024,-0.137483732,-0.2545186968,0.1070355799
291.2879352,0.07102242718,186.0604661,0.5415784564,0.9225929544,86.77458768,0.008160002747,-69.91669064,-0.02311082851,0.007398618094,8.290263934,0,-7.980592211,-2.578836182,1.132106372,0.0701875464,-1.228906383,0.6418758317,0.3049082653,-0.3144423234,-0.1239530402,0.3850438893,0.005335156044,-0.3218415155,-0.1711932533,-1.809159225,-1.033674779,0.3154355757,0.2273499479,-0.2351311038,-0.162010904,0.1508873217,-0.08906730228,-0.07216666729,0.275212887,0.1428188881,-0.06732281866,-0.2782288332
306.5833619,0.04347367306,193.2167313,0.4276666381,0.8787306365,15.29542667,-0.02754875411,7.156265138,-0.1139118183,-0.04386231792,11.05504707,1.029628765,-1.769332723,-0.3630448894,2.038631464,1.165039447,0.4579259188,0.7058088509,-0.8866138667,-0.9079359928,-0.5088135357,0.02589799897,-0.08598208009,-0.6947983407,-0.4302634413,6.211259487,2.215791292,0.9065250917,1.094851901,1.686832302,0.06393301917,-1.191522132,-0.5934936693,-0.3848604955,-0.3591458904,-0.09131723613,-0.3729568252,-0.259070188
366.6460545,0.03264408565,241.9648635,0.2480698404,0.8145465014,60.06269258,-0.01082958741,48.74813223,-0.1795967976,-0.06418413505,8.971346761,1.168491259,-0.7688227129,-0.1560974457,2.375694067,-0.2474569014,0.4882126834,-0.1615873577,-1.730780448,-0.9111145181,-0.5951481758,-0.226155201,-0.003301380064,-0.7088456117,-0.3602014062,1.000510011,0.2069474438,0.3370626034,-1.412496349,0.0302867646,-0.8673962086,-0.8441665813,-0.003178525299,-0.0863346401,-0.2520531999,0.08268070002,-0.01404727103,0.0700620351
301.4644617,0.03101925559,205.088152,0.2509987648,0.8110574353,-65.1815928,-0.001624830057,-36.87671149,0.002928924377,-0.003489066094,9.529878454,1.14261173,-0.439882434,-0.07092473385,1.975594845,-0.1976378538,0.8384488374,0.2674507276,-1.723130001,-0.7778614795,-1.049941868,0.09314331441,0.009854663568,-0.589326161,-0.5360917738,0.3289402788,0.08517271183,-0.4000992223,0.04981904762,0.350236154,0.4290380853,0.007650446645,0.1332530386,-0.4547936926,0.3192985154,0.01315604363,0.1195194508,-0.1758903676
277.738766,0.02841170433,207.1441396,0.2889842336,0.801079487,-23.72569568,-0.002607551261,2.05598759,0.03798546875,-0.009977948318,8.584312077,1.2378563,-1.261052092,0.6071256543,1.310096334,0.3481988789,1.236407382,0.195738355,-1.323175392,-0.7354007812,-0.9293497614,0.2405989442,-0.05102813643,-0.5172352667,-0.7036149363,-0.8211696576,0.6780503881,-0.6654985114,0.5458367326,0.3979585443,-0.07171237267,0.3999546091,0.04246069833,0.120592107,0.1474556297,-0.0608828,0.07209089429,-0.1675231626
346.5685809,0.0385493447,310.1408603,0.5164443528,0.8931964633,68.82981491,0.01013764037,102.9967207,0.2274601192,0.09211697626,5.172346304,1.807259789,-4.63733147,3.488238772,-0.2914229627,0.5412034215,1.252344009,0.3332041705,-0.4971803637,-0.5663178469,-0.3463241051,0.2871898419,0.2545786753,-0.5860072351,-0.3546858072,-3.376279378,2.881113118,-1.601519296,0.1930045426,0.01593662772,0.1374658155,0.8259950285,0.1690829342,0.5830256562,0.04659089778,0.3056068117,-0.06877196846,0.3489291291
368.2011326,0.06082182524,307.4066009,0.6340222435,0.9397109815,21.63255174,0.02227248054,-2.734259427,0.1175778907,0.04651451817,1.600322547,1.552948544,-6.146183906,2.455045178,0.4236604167,0.6499330205,1.076008169,0.4822304297,0.1319906935,-0.7471848712,-0.1749786044,0.3979206355,0.4616108301,-0.4189882499,-0.3901663678,-1.508852436,-1.033193594,0.7150833795,0.108729599,-0.1763358403,0.1490262592,0.6291710573,-0.1808670242,0.1713455007,0.1107307936,0.2070321548,0.1670189852,-0.03548056059
384.1181419,0.06882217889,288.6798362,0.6387672347,0.9443001516,15.91700923,0.008000353653,-18.72676468,0.004744991202,0.004589170121,1.503403014,1.199480149,-7.931643831,1.781589425,-0.1207963232,-0.04919674099,0.7491212853,-0.1426647729,-0.1397363854,-0.5848152069,0.03457798886,0.005589205135,-0.3306326301,-0.05101053719,-0.2594558734,-1.785459925,-0.6734557532,-0.5444567399,-0.6991297615,-0.3268868838,-0.6248952026,-0.271727079,0.1623696642,0.2095565932,-0.3923314304,-0.7922434601,0.3679777127,0.1307104944
394.9914432,0.06616681152,268.7496451,0.6606135525,0.9457089192,10.87330135,-0.002655367377,-19.93019112,0.02184631775,0.001408767634,1.263745482,1.01483627,-7.060205064,1.001736061,-0.07782342129,-0.07956916617,0.4892388839,-0.4997414413,-0.2005788499,-0.6397312487,-0.09488873286,0.1221759394,0.034826269,-0.2324215333,-0.5298652719,0.8714387667,-0.7798533641,0.04297290187,-0.03037242519,-0.2598824015,-0.3570766684,-0.06084246442,-0.05491604183,-0.1294667217,0.1165867343,0.3654588991,-0.1814109961,-0.2704093985
359.9048729,0.07194286625,253.3429876,0.7152157016,0.9554811826,-35.08657029,0.005776054731,-15.4066575,0.05460214916,0.009772263426,1.889147458,1.110857235,-5.685798233,0.4112372777,-0.05600601695,-0.4802738845,1.214937798,-0.5371037705,-0.4122616516,-0.4835464344,0.135577364,-0.1076397243,-0.2273980229,0.1485774171,-0.545920554,1.374406831,-0.5904987832,0.02181740433,-0.4007047183,0.7256989141,-0.0373623292,-0.2116828017,0.1561848143,0.2304660968,-0.2298156637,-0.2622242919,0.3809989504,-0.01605528213
