238.4684864,0.0620122427,164.899765,0.488721272,0.9054055592,238.4684864,0.0620122427,164.899765,0.488721272,0.9054055592,0,0,-3.362891045,-1.71211179,-1.437838093,-0.4843960468,1.26376233,0.3565832861,-0.4040650079,-0.09974945117,-0.6667091285,1.189396119,0.1397268203,-0.01821375761,-0.2259763386,-3.362891045,-1.71211179,-1.437838093,-0.4843960468,1.26376233,0.3565832861,-0.4040650079,-0.09974945117,-0.6667091285,1.189396119,0.1397268203,-0.01821375761,-0.2259763386
322.1698773,0.05589344342,183.2336243,0.4840338852,0.9054930268,83.70139097,-0.006118799282,18.33385929,-0.004687386819,8.746761597e-05,1.319826497,0,-2.615115693,-1.495783392,-1.183771147,-0.6383081386,0.676191831,-0.1788838001,-0.2283926279,0.04108724217,-0.6317784921,0.179545373,0.1014480298,-0.1259023,-0.5811023201,0.7477753512,0.2163283983,0.2540669462,-0.1539120918,-0.5875704985,-0.5354670863,0.17567238,0.1408366933,0.03493063636,-1.009850746,-0.03827879047,-0.1076885424,-0.3551259815
286.5794177,0.0379689198,179.4800383,0.2424543885,0.8162577292,-35.59045961,-0.01792452362,-3.753585955,-0.2415794967,-0.0892352976,7.496813259,1.308205548,1.395470883,-0.5321621429,-0.392503864,-1.43535002,-0.1775111665,-1.017245895,0.006754928498,0.1215907145,-0.6031038623,-0.6884495571,-0.09662838636,0.2818555824,-0.3281353561,4.010586576,0.9636212489,0.7912672827,-0.797041881,-0.8537029975,-0.8383620944,0.2351475564,0.08050347234,0.02867462982,-0.8679949301,-0.1980764162,0.4077578824,0.252966964
286.3140593,0.04153748914,172.5130649,0.1241891581,0.8013919348,-0.2653583977,0.003568569338,-6.966973431,-0.1182652304,-0.01486579439,7.648395839,1.650367447,4.157168025,-2.655541453,0.3043604336,-1.957670357,1.049423306,-0.162879136,-1.222794972,-0.1809904066,-0.4359525046,-0.490574437,-0.8343825754,0.3122533815,0.0949479606,2.761697143,-2.12337931,0.6968642976,-0.5223203369,1.226934473,0.8543667585,-1.229549901,-0.3025811211,0.1671513577,0.1978751201,-0.737754189,0.0303977991,0.4230833167
299.5362876,0.03490156173,182.2684888,0.1496229545,0.7970829328,13.22222825,-0.006635927401,9.755423911,0.02543379643,-0.004309001955,7.045597657,1.18727295,3.406534497,-2.50239383,0.9730553868,-1.425626941,2.881338407,0.6577953956,-1.726438888,-0.1811992068,-0.07446504449,0.3159146498,-0.4920508366,-0.003218475868,-0.2383450946,-0.7506335283,0.1531476232,0.6686949533,0.5320434155,1.831915101,0.8206745316,-0.5036439162,-0.0002088001569,0.3614874601,0.8064890868,0.3423317388,-0.3154718574,-0.3332930552
306.7433262,0.03008588842,199.9002854,0.2190723555,0.7993197029,7.2070386,-0.004815673315,17.63179659,0.069449401,0.002236770077,8.596737328,1.312441884,1.958948682,-1.997422746,0.7698919084,0.3065725945,2.077350197,0.426133548,-1.748732673,0.2442383289,0.2569459508,0.1719385153,-0.228293767,-0.2378831058,0.1453450503,-1.447585815,0.5049710841,-0.2031634784,1.732199535,-0.8039882106,-0.2316618476,-0.02229378448,0.4254375356,0.3314109953,-0.1439761344,0.2637570696,-0.2346646299,0.3836901449
269.4655571,0.05292053864,219.0602288,0.6130737856,0.9264050237,-37.27776906,0.02283465022,19.1599434,0.3940014301,0.1270853208,4.135177398,1.671825146,-0.3250196316,-0.5343954455,0.004679493233,0.3102817105,1.158381672,0.002137017981,-0.7940853416,-0.4612382635,-0.3451946037,0.1741446557,-0.1636137398,-0.4823315089,-0.1505963373,-2.283968314,1.463027301,-0.7652124152,0.003709115958,-0.9189685243,-0.42399653,0.9546473312,-0.7054765923,-0.6021405546,0.002206140385,0.06468002713,-0.2444484031,-0.2959413876
367.2400812,0.07082696549,219.9877549,0.680152601,0.9506520021,97.77452403,0.01790642686,0.9275260776,0.06707881535,0.02424697845,0.9362931609,1.701083253,-5.331289319,-0.01910368739,0.2636312629,0.4323236926,0.6231823354,-0.7816438795,0.1340043091,-0.2417809032,-0.1276448535,-0.05841107292,-0.2008438348,-0.4423197039,-0.4652580476,-5.006269687,0.5152917581,0.2589517697,0.1220419821,-0.535199337,-0.7837808975,0.9280896506,0.2194573603,0.2175497503,-0.2325557286,-0.03723009492,0.04001180497,-0.3146617103
384.717077,0.06723229128,207.5940987,0.6559814542,0.9450696784,17.47699581,-0.003594674214,-12.39365616,-0.02417114678,-0.005582323714,0.6585000765,0.9894949608,-6.241894849,-1.010115532,0.8546528237,0.4765660938,0.7424892039,-1.355574663,-0.2875021216,0.04476854681,-0.360728479,0.294378325,0.4908001224,-0.373655377,-0.4467461947,-0.9106055296,-0.9910118444,0.5910215608,0.04424240119,0.1193068685,-0.5739307837,-0.4215064307,0.28654945,-0.2330836255,0.3527893979,0.6916439571,0.0686643269,0.01851185288
289.2878634,0.0660356761,193.6185293,0.5788309002,0.9333221706,-95.42921354,-0.001196615175,-13.97556938,-0.07715055397,-0.01174750782,1.110198068,1.076278419,-4.617691146,-1.564519839,0.3055803432,0.4733405411,0.6537563227,-1.059901012,-0.1750207938,-0.5095768031,0.05403189226,0.2475339612,0.4853348519,-0.5078154038,-0.4080953016,1.624203703,-0.5544043075,-0.5490724805,-0.003225552704,-0.08873288117,0.2956736508,0.1124813278,-0.5543453499,0.4147603713,-0.04684436374,-0.005465270463,-0.1341600268,0.03865089309
