262.5056803,0.01486401289,218.4546037,0.1466224308,0.6760170112,262.5056803,0.01486401289,218.4546037,0.1466224308,0.6760170112,0,0,1.073946896,0.9173742545,1.232709243,0.1525173545,0.7920711245,0.103325744,0.4487283948,-0.2187044333,-0.2839445383,1.069926188,0.1643704492,-0.1504104922,0.2434488331,1.073946896,0.9173742545,1.232709243,0.1525173545,0.7920711245,0.103325744,0.4487283948,-0.2187044333,-0.2839445383,1.069926188,0.1643704492,-0.1504104922,0.2434488331
387.9277955,0.0187874903,292.0121114,0.3136470827,0.779090031,125.4221152,0.003923477403,73.5575077,0.167024652,0.1030730198,11.43617319,0,3.310013241,0.5030431305,1.159027446,-1.448460463,0.7192243098,-0.3266147998,0.8626869474,0.14877467,-0.487272301,0.854858875,-0.301092019,-0.5593360722,-0.08457324379,2.236066345,-0.414331124,-0.07368179693,-1.600977817,-0.07284681464,-0.4299405438,0.4139585526,0.3674791033,-0.2033277627,-0.2150673129,-0.4654624683,-0.40892558,-0.3280220769
374.6482087,0.01698078802,286.9365076,0.09102902059,0.7009663912,-13.27958674,-0.001806702279,-5.075603835,-0.2226180622,-0.07812363976,7.823757929,1.47699175,3.445343353,-0.0460190518,0.2606332163,-2.254219419,1.305986569,-0.408380331,1.007718616,0.02846241039,-0.6773816361,-0.08364493099,-0.2751950245,-0.01542883028,-0.1898422949,0.1353301122,-0.5490621823,-0.8983942298,-0.805758956,0.5867622596,-0.08176553118,0.1450316688,-0.1203122596,-0.1901093351,-0.938503806,0.0258969945,0.543907242,-0.1052690511
318.9970048,0.01937452466,240.8617285,0.2675058791,0.7581712829,-55.65120393,0.002393736648,-46.07477913,0.1764768585,0.05720489171,8.78168488,1.163473956,3.274397972,-0.7976592645,0.3156693663,-0.5069851549,1.538715146,0.4837466633,0.540067576,-0.1783014634,-1.024695332,0.2080435634,0.4421524788,0.1035568618,0.09261607796,-0.1709453809,-0.7516402127,0.05503615003,1.747234264,0.2327285761,0.8921269943,-0.4676510402,-0.2067638738,-0.3473136963,0.2916884944,0.7173475033,0.1189856921,0.2824583729
295.4952807,0.01598558531,225.5519348,0.08968121879,0.6918870114,-23.50172415,-0.003388939352,-15.30979371,-0.1778246603,-0.06628427159,9.552815346,1.598198337,2.937931955,-1.080662355,1.188403633,0.8863325578,1.051664131,0.528146066,-0.1275849921,-0.3669614986,-0.4757942924,0.1929526285,0.2307423629,-0.216021338,-0.652133729,-0.3364660175,-0.2830030902,0.8727342669,1.393317713,-0.4870510143,0.04439940274,-0.6676525681,-0.1886600353,0.54890104,-0.01509093496,-0.2114101158,-0.3195781999,-0.744749807
339.289037,0.01721843935,265.8200843,0.1517146155,0.7137522536,43.79375633,0.001232854041,40.26814956,0.06203339673,0.02186524229,7.143554072,1.397592319,2.085949249,-0.1481590524,0.2086504778,-0.4237540744,1.674051156,0.08818011452,0.6366035408,-0.6064499126,-0.4184270013,-0.218799919,0.268142379,-0.1414198005,-1.171195372,-0.8519827052,0.9325033023,-0.9797531554,-1.310086632,0.6223870244,-0.4399659515,0.7641885329,-0.2394884139,0.05736729108,-0.4117525475,0.03740001607,0.07460153749,-0.5190616434
319.687669,0.01840277156,256.495991,0.1528981549,0.7146168148,-19.60136798,0.001184332206,-9.324093326,0.001183539363,0.0008645611968,7.078878482,1.163930759,1.82470422,0.7318069144,-0.06059436451,-0.6071736815,0.1993772368,0.1715992587,0.6423600873,0.1883601393,-0.03957745773,0.1920006997,-0.2135318156,-0.4305508788,-0.3169075877,-0.2612450289,0.8799659667,-0.2692448423,-0.1834196072,-1.474673919,0.08341914417,0.005756546533,0.7948100519,0.3788495435,0.4108006187,-0.4816741946,-0.2891310783,0.8542877847
403.4063392,0.01330351951,324.4580853,0.197658803,0.7379985601,83.71867017,-0.005099252049,67.96209431,0.04476064808,0.0233817453,3.785944222,1.760102381,-0.334222554,0.05268456957,0.3609646027,0.1709125037,0.2824302426,-0.1498569144,-0.03627394229,0.03439669471,-0.1623726474,0.4110086962,0.02011491427,-0.3246363102,-0.04799128288,-2.158926774,-0.6791223448,0.4215589672,0.7780861852,0.08305300577,-0.3214561731,-0.6786340296,-0.1539634446,-0.1227951897,0.2190079965,0.2336467298,0.1059145686,0.2689163049
414.5818118,0.01600075674,318.6693693,0.3037793523,0.7872332864,11.17547258,0.002697237235,-5.788716024,0.1061205493,0.04923472627,0.8603028664,1.547681065,-0.9420472634,-0.2344366671,0.1530796445,-0.205494963,-0.007530964262,-0.1246079576,0.2768487963,0.1109043222,0.1648142364,0.4446406445,0.2429812633,-0.1761250259,-0.1980971155,-0.6078247094,-0.2871212367,-0.2078849582,-0.3764074666,-0.2899612069,0.0252489568,0.3131227385,0.07650762749,0.3271868838,0.03363194831,0.222866349,0.1485112844,-0.1501058326
253.5883354,0.02302896426,203.1083265,0.3131523245,0.7980886901,-160.9934763,0.007028207516,-115.5610428,0.009372972175,0.01085540368,0.6156733081,1.254677809,-1.176164505,-0.3755281285,0.3336267463,-0.1586582687,0.07062290944,-0.00308111034,0.1813396344,-0.03549574578,0.08456183883,0.5252277815,0.2173539119,-0.2223760558,-0.218081412,-0.2341172413,-0.1410914614,0.1805471017,0.04683669428,0.0781538737,0.1215268472,-0.09550916187,-0.146400068,-0.08025239758,0.08058713702,-0.02562735139,-0.04625102991,-0.01998429646
