258.7089314,0.01603125021,224.8970906,0.1956890584,0.6855063842,258.7089314,0.01603125021,224.8970906,0.1956890584,0.6855063842,0,0,-0.2469570774,0.3504458825,0.1658896331,-0.02192261796,0.6134796937,0.1504386339,-0.249707354,-0.02691793563,0.2749553817,0.2389497923,0.138662201,0.07861730166,0.009134754501,-0.2469570774,0.3504458825,0.1658896331,-0.02192261796,0.6134796937,0.1504386339,-0.249707354,-0.02691793563,0.2749553817,0.2389497923,0.138662201,0.07861730166,0.009134754501
382.0940139,0.01315206254,319.2319696,0.2310426822,0.7011935714,123.3850825,-0.002879187667,94.33487904,0.03535362388,0.01568718724,0.4621917975,0,-0.6760864592,0.2805580886,0.2543992199,-0.3562115758,0.6385829399,0.1357612944,-0.2251998739,-0.03662057488,-0.08147527608,0.2127918101,0.1819286476,-0.1023790493,-0.2308633554,-0.4291293818,-0.06988779394,0.0885095868,-0.3342889578,0.02510324626,-0.01467733947,0.02450748006,-0.00970263925,-0.3564306578,-0.02615798222,0.04326644659,-0.1809963509,-0.2399981099
322.2336923,0.01842220753,262.8735426,0.2561191518,0.7553266764,-59.86032155,0.005270144992,-56.35842707,0.02507646961,0.05413310495,0.694369316,0.9598341168,-0.8268729502,-0.01938772431,-0.2632785636,-0.2496125859,0.8003037894,0.2528827772,-0.4000562324,-0.08187263381,0.02066971749,0.04665030596,0.1650090668,0.05178216569,0.1319928378,-0.150786491,-0.2999458129,-0.5176777834,0.1065989898,0.1617208494,0.1171214828,-0.1748563585,-0.04525205892,0.1021449936,-0.1661415041,-0.01691958075,0.154161215,0.3628561931
362.081299,0.03124782293,271.2590698,0.3308044466,0.8255205784,39.84760668,0.0128256154,8.385527224,0.07468529472,0.07019390207,0.5248663583,1.301707201,-0.9931700471,-0.1325162943,-0.01739030572,-0.2937112341,0.4695741606,0.1114645984,-0.4893222981,-0.1162451181,0.04953201594,0.2102810618,0.2432588349,-0.1044129577,-0.07228910144,-0.1662970969,-0.11312857,0.2458882579,-0.04409864819,-0.3307296288,-0.1414181788,-0.08926606569,-0.03437248432,0.02886229845,0.1636307559,0.07824976804,-0.1561951234,-0.2042819392
413.9391583,0.03395460967,294.7289909,0.3471308742,0.8491341501,51.85785923,0.002706786741,23.4699211,0.01632642765,0.02361357171,0.1820875171,1.279081997,-0.8673965518,-0.2453016779,-0.5665621113,-0.5934980725,0.3075995077,-0.06663152859,-0.6590748445,-0.4711049432,-0.1821592663,0.3244868831,0.4976192961,0.03581484587,-0.0009049576181,0.1257734952,-0.1127853836,-0.5491718055,-0.2997868384,-0.1619746529,-0.178096127,-0.1697525463,-0.3548598251,-0.2316912823,0.1142058213,0.2543604612,0.1402278036,0.07138414383
375.5987033,0.03451151681,265.7694302,0.3556790965,0.8491040446,-38.34045492,0.0005569071394,-28.95956067,0.008548222238,-3.010557393e-05,0.1042922114,1.264518239,-0.8378954394,-0.006678832797,-0.3523751288,-0.4104803175,0.3684150399,-0.04852482026,-0.4749780538,-0.3336088495,-0.1880151554,0.2487209947,0.3233026872,-0.133496483,0.06008548612,0.02950111237,0.2386228451,0.2141869825,0.183017755,0.06081553223,0.01810670832,0.1840967907,0.1374960937,-0.005855889099,-0.0757658884,-0.1743166088,-0.1693113289,0.06099044374
400.7717838,0.03765665426,277.5601149,0.3978935343,0.867305194,25.17308041,0.003145137448,11.7906847,0.04221443786,0.01820114946,0.100881476,1.217103117,-1.11273792,0.03119687376,-0.2995113853,-0.4316415491,0.327353916,-0.1516318084,-0.4508162487,-0.00188800551,-0.07499361831,0.4124544838,0.1338282212,-0.05605366207,0.2176544225,-0.2748424809,0.03787570656,0.05286374351,-0.0211612316,-0.04106112391,-0.1031069881,0.02416180512,0.331720844,0.1130215371,0.1637334891,-0.1894744661,0.07744282094,0.1575689364
406.8195913,0.03597757489,280.0523804,0.4169839859,0.8687224128,6.047807505,-0.001679079372,2.492265502,0.01909045157,0.001417218729,0.0798107607,1.295740191,-1.368344509,-0.2020526815,-0.3712997168,-0.4511552297,0.06599068756,-0.2329182097,-0.3251337524,0.1171054025,0.129054263,0.2688210517,-0.02205863495,0.001165567405,0.1920593973,-0.2556065888,-0.2332495552,-0.07178833152,-0.01951368062,-0.2613632285,-0.08128640131,0.1256824963,0.118993408,0.2040478813,-0.1436334321,-0.1558868561,0.05721922948,-0.02559502521
404.5720935,0.03176000835,282.5576811,0.4033049244,0.8599619288,-2.247497713,-0.00421756654,2.505300706,-0.01367906152,-0.008760483968,0.09056866718,1.22989438,-1.789415052,-0.1197224778,-0.09254246253,-0.6720913998,0.09844218422,-0.2012548864,-0.2220980729,0.2070136556,0.2175690515,0.3283817867,0.202259786,0.0439195173,0.2654559736,-0.4210705432,0.08233020365,0.2787572543,-0.2209361701,0.03245149666,0.03166332323,0.1030356795,0.08990825302,0.08851478848,0.05956073497,0.2243184209,0.04275394989,0.07339657629
216.423816,0.08358627957,256.1879242,0.6496353579,0.9391311623,-188.1482776,0.05182627122,-26.36975688,0.2463304335,0.07916923349,1.492003266,1.5137286,-3.963920328,-0.9867254775,1.174861612,-0.3990882459,0.1603456448,0.3281963307,0.2791337271,-0.3126008324,-0.4181682043,-0.1433751998,0.3032496012,0.1945239516,0.1470095643,-2.174505275,-0.8670029997,1.267404075,0.2730031539,0.06190346053,0.5294512172,0.5012318,-0.519614488,-0.6357372558,-0.4717569865,0.1009898153,0.1506044343,-0.1184464093
264.7534869,0.05438266702,214.0343508,0.5537806078,0.9087694031,48.32967091,-0.02920361254,-42.15357344,-0.09585475008,-0.03036175923,3.218513016,1.62530437,-6.635739925,-1.210688973,1.988814833,0.5409429569,-0.6219656608,0.2227737647,0.5278254206,-0.2572626073,-0.4438297412,0.02659276131,0.299150868,-0.09678871091,0.05004198763,-2.671819598,-0.2239634953,0.8139532211,0.9400312028,-0.7823113056,-0.105422566,0.2486916935,0.0553382251,-0.0256615369,0.1699679611,-0.004098733226,-0.2913126625,-0.09696757671
243.0067564,0.02623211321,181.839816,0.3245601144,0.8025435213,-21.74673051,-0.02815055381,-32.19453476,-0.2292204934,-0.1062258817,11.66377752,1.258271408,-1.847081765,-1.303187831,1.93609705,2.131531911,0.5300247202,0.3865688557,0.5045859635,0.170591963,0.1011284187,-0.1203998531,-0.1316487812,-0.3287017678,-0.04925058998,4.78865816,-0.09249885805,-0.05271778352,1.590588955,1.151990381,0.163795091,-0.02323945713,0.4278545703,0.5449581599,-0.1469926144,-0.4307996492,-0.2319130569,-0.09929257761
215.9690717,0.02641456506,146.4283968,0.1308835067,0.7478140806,-27.03768469,0.0001824518458,-35.41141926,-0.1936766077,-0.05472944068,10.06727372,1.367745602,1.028440019,-1.80553342,1.841678844,2.040864641,0.4413581298,1.283342907,-0.3853185997,0.03437672484,0.07196671328,-0.2618813583,0.4289980739,-0.5488957831,-0.3482493775,2.875521784,-0.5023455895,-0.09441820523,-0.09066727035,-0.08866659033,0.8967740514,-0.8899045632,-0.1362152381,-0.02916170537,-0.1414815051,0.5606468551,-0.2201940152,-0.2989987875
281.2210354,0.02113731535,189.1296084,0.1306418655,0.7529539542,65.25196373,-0.005277249704,42.7012116,-0.000241641283,0.005139873585,8.725913688,1.105938506,2.451273409,-1.80863565,1.238056162,1.522389988,0.6476663865,1.766963744,-0.2390020932,0.05558578273,-0.5321942831,-0.3464376235,0.7491465018,-0.3590462655,-0.4234944959,1.42283339,-0.003102229591,-0.6036226821,-0.518474653,0.2063082566,0.4836208367,0.1463165064,0.02120905788,-0.6041609964,-0.0845562653,0.3201484279,0.1898495175,-0.07524511834
319.5844744,0.02981679165,244.0434119,0.4141887723,0.8326593221,38.36343903,0.0086794763,54.91380355,0.2835469068,0.07970536791,11.01838634,1.493510142,0.7809724355,-1.031648109,1.234789766,1.588366703,0.9312409814,0.5951304318,-0.3125868099,-0.1414759301,0.09850322255,0.04368361696,0.4300305763,-0.1051359254,-0.5927608747,-1.670300973,0.7769875409,-0.003266396133,0.06597671532,0.2835745949,-1.171833312,-0.07358471663,-0.1970617128,0.6306975056,0.3901212405,-0.3191159255,0.2539103402,-0.1692663788
313.4663028,0.02251556025,249.1258303,0.2349475158,0.7578856721,-6.118171688,-0.007301231404,5.082418347,-0.1792412565,-0.07477365,2.783151825,1.814935325,-0.2244725525,0.1845152973,0.7523492837,0.7541187869,0.7393095104,0.232323894,-0.07202024654,0.2443056445,0.1597131277,0.3841436536,0.2848898185,-0.2195937178,-0.4879003771,-1.005444988,1.216163406,-0.4824404825,-0.8342479165,-0.1919314709,-0.3628065378,0.2405665633,0.3857815746,0.06120990516,0.3404600366,-0.1451407578,-0.1144577924,0.1048604976
347.2023687,0.02422942843,262.2424713,0.2904283043,0.7991975586,33.73606597,0.001713868184,13.11664098,0.05548078843,0.04131188643,0.8003831583,1.683846059,-0.2489092673,0.3131611335,0.2715079032,0.1264698686,0.4937476522,0.1555818686,0.1495093811,-0.1567205078,-0.2378583466,0.0608292134,0.004860609534,-0.1486575106,-0.2099406104,-0.0244367148,0.1286458362,-0.4808413805,-0.6276489183,-0.2455618582,-0.07674202533,0.2215296277,-0.4010261523,-0.3975714743,-0.3233144402,-0.280029209,0.07093620722,0.2779597667
374.6955916,0.03816461468,275.1069742,0.3344298736,0.840540175,27.49322288,0.01393518625,12.86450291,0.04400156936,0.04134261647,0.2882751287,1.513315546,-1.316715094,0.06927455113,-0.06523340572,-0.3827091384,0.2458485508,-0.3333391864,-0.3658418423,0.001195731515,0.03091605124,0.2008433735,0.1570464887,-0.01078738433,0.09227912286,-1.067805826,-0.2438865824,-0.3367413089,-0.509179007,-0.2478991014,-0.4889210551,-0.5153512235,0.1579162393,0.2687743979,0.1400141601,0.1521858792,0.1378701262,0.3022197333
388.5810068,0.03068269882,278.4191992,0.368603141,0.8447041506,13.8854152,-0.007481915864,3.312225007,0.03417326735,0.0041639756,0.1225648022,1.495345017,-1.124457298,0.06124057802,-0.265067568,-0.5495720055,0.1844988688,-0.3521083151,-0.1725901456,0.08070011156,0.03690857941,0.3040511697,0.06238422692,-0.1407590641,0.1656610252,0.1922577955,-0.008033973109,-0.1998341623,-0.1668628671,-0.06134968207,-0.01876912871,0.1932516968,0.07950438004,0.005992528168,0.1032077962,-0.09466226179,-0.1299716798,0.07338190232
424.6777892,0.02999817689,302.111991,0.367889487,0.8467093575,36.09678236,-0.0006845219262,23.69279184,-0.0007136539343,0.002005206862,0.09486448364,1.252656631,-1.263975139,0.1733398758,-0.3437242556,-0.7792255537,0.2233095242,-0.5108180037,-0.321737966,-0.03552963114,0.2691845708,0.1254645568,-0.1573321321,0.02141611962,0.239010812,-0.1395178405,0.1120992978,-0.07865668755,-0.2296535482,0.03881065542,-0.1587096886,-0.1491478204,-0.1162297427,0.2322759914,-0.1785866129,-0.219716359,0.1621751838,0.07334978677
401.3795514,0.03435621169,261.7767246,0.3993074612,0.8643957051,-23.2982378,0.004358034797,-40.33526645,0.03141797419,0.0176863476,0.1040660229,1.126439965,-1.540218643,-0.6526183546,0.3009377975,0.1614867681,-0.258343217,-0.4119754922,0.01836376852,0.1567549837,-0.1795261264,0.2091787526,0.178283667,-0.01999625592,-0.104285243,-0.2762435047,-0.8259582304,0.6446620531,0.9407123218,-0.4816527412,0.09884251147,0.3401017345,0.1922846149,-0.4487106973,0.08371419583,0.3356157991,-0.04141237554,-0.3432960549
385.1775598,0.03439059936,248.8722248,0.3953517264,0.8658584045,-16.20199155,3.438767417e-05,-12.90449975,-0.003955734848,0.001462699458,0.07826631897,1.167722282,-1.412896917,-0.8379959611,0.09481428441,-0.1368801384,-0.3018117385,-0.599466644,0.07793976046,-0.07052247497,-0.2965702506,0.4060821849,0.2601920456,-0.07185597414,-0.3134674621,0.1273217267,-0.1853776065,-0.2061235131,-0.2983669064,-0.04346852149,-0.1874911517,0.05957599194,-0.2272774587,-0.1170441242,0.1969034322,0.08190837859,-0.05185971822,-0.2091822191
420.4540265,0.03816999368,286.7610987,0.4251998923,0.8721654117,35.27646672,0.003779394314,37.88887389,0.02984816589,0.006307007186,0.09273812341,1.186720925,-1.452572334,-0.3125731261,0.04689910958,-0.2653011095,0.06646120086,-0.4658502684,-0.2069276602,0.1359542384,0.1065645758,0.2462005717,0.2149500419,-0.01018289499,-0.03798499376,-0.03967541716,0.525422835,-0.04791517484,-0.1284209712,0.3682729394,0.1336163756,-0.2848674206,0.2064767134,0.4031348264,-0.1598816132,-0.04524200377,0.06167307915,0.2754824683
386.0817415,0.03829739011,275.0458801,0.3856177126,0.8562003412,-34.37228499,0.0001273964356,-11.71521862,-0.03958217968,-0.01596507052,0.07308314668,1.282414704,-1.328456185,0.02454366924,-0.006696568176,-0.3929917462,0.1163277333,-0.4698009083,-0.2778138446,0.1604475726,0.1192676695,0.2032242007,0.1978966063,0.1783090248,0.1126890768,0.1241161492,0.3371167953,-0.05359567775,-0.1276906367,0.04986653241,-0.003950639898,-0.07088618448,0.02449333421,0.01270309371,-0.042976371,-0.01705343557,0.1884919198,0.1506740705
395.022033,0.03185834516,282.0296578,0.3975421176,0.8516417161,8.940291437,-0.006439044952,6.983777723,0.01192440498,-0.004558625092,0.07918225243,1.195537282,-1.491159919,0.05154170119,-0.1341409106,-0.6885987807,-0.02978284055,-0.2989581987,-0.5784605729,0.07869622779,0.08331995427,0.1985209161,0.05917850679,-0.07165342733,-0.01992150674,-0.1627037346,0.02699803195,-0.1274443424,-0.2956070345,-0.1461105738,0.1708427096,-0.3006467283,-0.08175134482,-0.03594771524,-0.004703284572,-0.1387180995,-0.2499624521,-0.1326105835
380.474218,0.03362052401,275.9354613,0.3845951232,0.8516695303,-14.54781494,0.001762178848,-6.094196482,-0.01294699439,2.781419758e-05,0.08301916945,1.201886975,-1.344206349,-0.1958038171,-0.4587021807,-0.7103127817,0.1015335741,-0.4548276601,-0.3996651244,0.03828375915,0.08294199041,0.3470278122,-0.06697074853,-0.0862312868,0.2446401826,0.1469535703,-0.2473455183,-0.3245612702,-0.02171400096,0.1313164146,-0.1558694614,0.1787954486,-0.04041246864,-0.0003779638591,0.1485068961,-0.1261492553,-0.01457785948,0.2645616894
356.337202,0.02855442646,262.8296581,0.3572897613,0.8355294476,-24.13701602,-0.005066097554,-13.10580322,-0.02730536192,-0.0161400827,0.08679301683,1.206198537,-1.283088815,0.135714118,0.1232099322,-0.3075050042,0.2248898187,-0.2612754876,-0.2279642984,0.2500789273,0.270176022,0.3603115258,0.01892097398,-0.05726892873,0.1781737439,0.06111753413,0.331517935,0.5819121129,0.4028077774,0.1233562446,0.1935521725,0.1717008259,0.2117951681,0.1872340316,0.01328371353,0.0858917225,0.02896235807,-0.06646643869
325.3409704,0.02819801016,238.8613778,0.3683410969,0.8378732735,-30.99623159,-0.0003564162926,-23.96828034,0.01105133568,0.002343825921,0.07753865431,1.339230872,-1.087442552,-0.01395772195,-0.1102752214,-0.5017824618,-0.02374110914,-0.417368427,-0.2156396999,0.1447890409,0.1663396299,0.3933302364,0.05124840295,-0.004281611952,0.1309156136,0.1956462633,-0.1496718399,-0.2334851535,-0.1942774576,-0.2486309278,-0.1560929395,0.01232459854,-0.1052898864,-0.1038363921,0.03301871059,0.03232742897,0.05298731678,-0.04725813037
386.4718029,0.03214389302,268.9423576,0.3951319084,0.8580463138,61.13083249,0.003945882856,30.08097982,0.02679081148,0.02017304028,0.0956299347,1.397039428,-1.324578618,0.01947378118,-0.07079709446,-0.6778068537,0.09676742068,-0.3403051093,-0.4067619691,0.0939412697,0.1454814841,0.1371675213,-0.170728345,0.07582725903,0.2462128128,-0.2371360664,0.03343150313,0.03947812693,-0.1760243919,0.1205085298,0.07706331771,-0.1911222692,-0.05084777119,-0.02085814586,-0.2561627151,-0.221976748,0.08010887098,0.1152971993
388.3229723,0.03586715123,274.229345,0.3790086151,0.8569034557,1.851169353,0.003723258207,5.286987462,-0.01612329334,-0.001142858059,0.06663960929,1.248740307,-1.319733308,-0.02741565713,-0.2220695573,-0.5309020149,0.2530461658,-0.2711720794,-0.2559049632,0.04345393213,0.03358850316,0.3193281509,-0.1165007496,-0.2255688682,0.1620454784,0.004845310445,-0.04688943831,-0.1512724628,0.1469048388,0.1562787451,0.06913302989,0.1508570059,-0.05048733758,-0.1118929809,0.1821606296,0.05422759544,-0.3013961272,-0.08416733445
398.0205166,0.03331154248,278.8355826,0.3978475895,0.8597224376,9.697544352,-0.002555608745,4.606237546,0.01883897444,0.00281898183,0.06256912041,1.062023436,-1.293715488,-0.03714824151,-0.336258619,-0.3817940958,0.2677235042,-0.1874283506,-0.2815239177,0.2008306828,0.2194652557,0.3681503217,0.1037442901,-0.1073636774,0.03024675212,0.02601781905,-0.009732584384,-0.1141890617,0.1491079191,0.01467733839,0.08374372886,-0.02561895447,0.1573767507,0.1858767525,0.04882217081,0.2202450397,0.1182051908,-0.1317987263
