370.6376844,0.04655685733,224.2970847,0.2397415402,0.8313976029,370.6376844,0.04655685733,224.2970847,0.2397415402,0.8313976029,0,0,-0.001843787559,-2.37135416,-1.78089605,0.8669317427,1.887290785,-0.3488223374,-1.389043557,-0.1598468071,0.4731671817,0.3132977998,-0.2593089604,-0.1500666337,0.1721047215,-0.001843787559,-2.37135416,-1.78089605,0.8669317427,1.887290785,-0.3488223374,-1.389043557,-0.1598468071,0.4731671817,0.3132977998,-0.2593089604,-0.1500666337,0.1721047215
325.2120302,0.04727338366,192.3131252,0.2482895808,0.8319443677,-45.42565421,0.0007165263254,-31.98395953,0.008548040634,0.0005467648861,0.120640427,0,-0.460174028,-0.3793031088,-0.3294230057,0.09115346411,0.4686545472,-0.483890942,-0.6044716135,0.304836305,0.3462320189,0.1677276421,-0.2166528019,-0.01977056312,0.2268474739,-0.4583302404,1.992051052,1.451473045,-0.7757782786,-1.418636238,-0.1350686047,0.7845719432,0.4646831121,-0.1269351629,-0.1455701578,0.04265615852,0.1302960706,0.05474275246
392.645866,0.03503910803,287.8746864,0.3136172503,0.8328107439,67.43383577,-0.01223427562,95.5615612,0.06532766952,0.0008663761156,0.2597271018,1.264032306,-0.6539278634,-0.1308357849,-0.1086445163,-0.4260531262,-0.1918230543,-0.3868994336,-0.6223519608,-0.1010866673,0.09912659888,0.1370705726,-0.0867079715,0.05021868009,0.02753015812,-0.1937538355,0.2484673239,0.2207784894,-0.5172065903,-0.6604776015,0.09699150848,-0.01788034729,-0.4059229723,-0.24710542,-0.03065706949,0.1299448304,0.0699892432,-0.1993173158
381.2062064,0.04050587098,272.277054,0.3575345263,0.8537989492,-11.43965957,0.005466762942,-15.59763233,0.04391727598,0.02098820531,0.12208494,1.297665209,-0.766850197,0.04422874499,-0.3400084332,-0.4796722941,-0.02585403181,-0.3407484162,-0.3718013522,0.05180869345,-0.02033648746,0.04136277545,-0.1518466045,-0.1721638123,-0.09270310855,-0.1129223336,0.1750645299,-0.231363917,-0.05361916795,0.1659690225,0.04615101736,0.2505506086,0.1528953607,-0.1194630863,-0.09570779713,-0.06513863301,-0.2223824924,-0.1202332667
414.9271617,0.03796771686,295.7851035,0.3520886208,0.8507310275,33.72095531,-0.002538154115,23.50804948,-0.005445905509,-0.003067921665,0.09982915784,1.404572604,-0.9962204032,-0.1122831575,-0.3302412148,-0.5256132362,0.05326762019,-0.2514904076,-0.399779956,0.3401057603,0.4508725093,0.2895549451,-0.01126778611,-0.1868808038,-0.08584093256,-0.2293702062,-0.1565119025,0.009767218426,-0.04594094206,0.079121652,0.08925800859,-0.02797860375,0.2882970668,0.4712089968,0.2481921697,0.1405788184,-0.01471699146,0.00686217599
260.2251571,0.0495749966,149.7544121,0.4159696261,0.8773365091,-154.7020046,0.01160727973,-146.0306914,0.06388100531,0.02660548156,2.842215945,1.68025679,-2.50447173,-3.083962298,-0.02214684793,-0.3739480977,2.105315631,0.4041502744,-1.435310648,-0.05976558254,-0.8507587496,0.1809859055,0.1985363144,-1.305340107,0.05220246812,-1.508251327,-2.971679141,0.3080943669,0.1516651385,2.052048011,0.655640682,-1.035530692,-0.3998713428,-1.301631259,-0.1085690396,0.2098041005,-1.118459303,0.1380434007
354.4935258,0.05003888225,184.6736323,0.3963126105,0.8830521405,94.26836874,0.0004638856532,34.91922018,-0.01965701562,0.005715631438,1.64079429,1.607936706,-2.054508125,-2.270852331,-0.5106599971,-1.012831708,1.225844869,0.5242610402,-0.9800517606,-0.4273260826,-0.6461532446,0.09785636572,0.01481370946,-0.6583171322,-0.1277900079,0.4499636048,0.8131099673,-0.4885131492,-0.6388836105,-0.8794707625,0.1201107658,0.455258887,-0.3675605001,0.204605505,-0.08312953976,-0.1837226049,0.6470229747,-0.179992476
289.9061837,0.03311490609,197.1395432,0.2148683982,0.7971541126,-64.5873421,-0.01692397615,12.46591093,-0.1814442123,-0.08589802788,10.32130753,1.212087652,2.118038182,-0.0733277711,0.1933144529,-1.223558286,-0.5293046618,0.4067078541,0.4659170071,-0.1299035944,-0.5572473348,-0.2479964012,-0.2391095062,-0.7020841086,-0.1808279419,4.172546307,2.19752456,0.70397445,-0.2107265774,-1.75514953,-0.1175531861,1.445968768,0.2974224882,0.08890590978,-0.3458527669,-0.2539232157,-0.04376697636,-0.05303793396
283.4228258,0.03218127374,206.43253,0.1082058127,0.737529483,-6.483357908,-0.0009336323574,9.292986715,-0.1066625855,-0.05962462962,8.65278881,1.572837106,3.640215971,1.59652178,1.432586901,-0.6925020273,-1.286981522,-0.2096169767,0.7917953978,0.2244204495,0.1554239477,-0.3017087743,0.2810001405,-0.6451854069,-0.1680413874,1.522177789,1.669849551,1.239272448,0.5310562583,-0.7576768598,-0.6163248308,0.3258783906,0.3543240438,0.7126712825,-0.05371237312,0.5201096467,0.05689870171,0.0127865544
373.6198746,0.02547862051,300.7547317,0.09741475104,0.7072155186,90.19704875,-0.006702653225,94.32220174,-0.01079106169,-0.03031396437,7.311384599,1.262599578,3.331310761,2.824421611,2.517562139,-0.2799140174,-1.287367424,-0.6472704865,0.9160148697,-0.2040564258,0.1398123479,0.1479920509,0.1618559159,-0.3227544982,-0.5743610339,-0.3089052106,1.227899832,1.084975238,0.4125880099,-0.000385901856,-0.4376535098,0.1242194719,-0.4284768753,-0.01561159976,0.4497008252,-0.1191442246,0.3224309087,-0.4063196464
282.5708794,0.03277273466,211.1014703,0.1645041082,0.7503458194,-91.04899513,0.00729411415,-89.65326135,0.06708935718,0.04313030076,8.32173333,1.069054761,1.921366619,1.956200816,1.879764569,-1.626612634,-1.630010269,-0.2555593901,2.100018388,-1.254790313,0.2189292342,-0.4419880995,-0.6963253906,-0.4495530073,-0.7340688204,-1.409944142,-0.8682207952,-0.6377975702,-1.346698616,-0.3426428456,0.3917110964,1.184003519,-1.050733887,0.07911688632,-0.5899801505,-0.8581813065,-0.126798509,-0.1597077865
353.8405761,0.03599302273,250.2381442,0.1540338766,0.7978714986,71.26969663,0.003220288066,39.13667382,-0.01047023167,0.04752567925,9.696617394,1.356739948,0.6902002066,0.7365791482,0.8221647003,-1.282534476,-1.269611227,0.07919688725,1.770701255,-1.730454449,0.0030576335,-0.6464647206,-0.3835959491,-0.1049331899,-0.4340642644,-1.231166412,-1.219621668,-1.057599869,0.3440781578,0.3603990423,0.3347562774,-0.329317133,-0.4756641368,-0.2158716007,-0.204476621,0.3127294415,0.3446198174,0.300004556
390.8649317,0.03865709487,268.683387,0.1909192691,0.819352725,37.02435559,0.002664072139,18.44524281,0.03688539255,0.02148122633,2.073299119,1.412312784,1.053119763,-0.01014782209,0.1626491043,-2.104002355,-1.563002767,0.7836594529,0.5313422049,-1.788601237,0.04678866544,-0.6031215811,0.09639595125,-0.4810926678,0.07925850854,0.3629195566,-0.7467269703,-0.659515596,-0.8214678796,-0.29339154,0.7044625656,-1.239359051,-0.05814678736,0.04373103194,0.04334313945,0.4799919003,-0.3761594779,0.5133227729
348.5154675,0.04079155877,225.5348836,0.1964961852,0.8227201165,-42.34946417,0.002134463904,-43.14850335,0.005576916096,0.00336739156,1.070013708,1.222153029,1.170692183,-1.09026976,-0.03526290538,-2.257502978,-0.7478012001,1.290811297,-0.513539349,-1.367375503,0.1920298659,-0.157752283,-0.297870647,0.067353225,0.08686522682,0.1175724196,-1.080121938,-0.1979120096,-0.1535006226,0.8152015667,0.5071518437,-1.044881554,0.4212257343,0.1452412004,0.4453692982,-0.3942665982,0.5484458928,0.007606718284
