288.1934498,0.01512627735,243.3328936,0.2231430229,0.7036910021,288.1934498,0.01512627735,243.3328936,0.2231430229,0.7036910021,0,0,1.561951739,1.784477888,2.192329053,1.029223886,0.1655339774,0.009333354135,0.7256092978,-1.049247809,0.05400353481,0.8507245834,-0.3422734869,-0.1812155164,0.3250385688,1.561951739,1.784477888,2.192329053,1.029223886,0.1655339774,0.009333354135,0.7256092978,-1.049247809,0.05400353481,0.8507245834,-0.3422734869,-0.1812155164,0.3250385688
349.6782269,0.01511491517,245.9313905,0.2150038034,0.7563226415,61.48477718,-1.136217982e-05,2.598496981,-0.008139219484,0.05263163946,11.6318053,0,0.3370009439,0.5426689059,3.848339537,0.6023248491,0.2443261989,-1.044087755,1.225648211,-1.464395058,-0.1595107348,1.046832914,-0.30718266,0.1728863158,0.4705857753,-1.224950795,-1.241808982,1.656010484,-0.4268990367,0.07879222156,-1.053421109,0.5000389133,-0.415147249,-0.2135142696,0.1961083307,0.03509082695,0.3541018322,0.1455472065
306.4410599,0.02256286866,196.8726643,0.2275313166,0.7950621591,-43.23716709,0.007447953496,-49.05872625,0.01252751315,0.03873951758,11.5778561,1.372763802,-1.393303766,-1.291706298,4.491128252,0.3986860465,1.051637246,-1.605798575,0.7906728117,-1.015331959,0.1528055543,-0.5933128464,0.3043326036,0.1537612338,0.1701300375,-1.73030471,-1.834375204,0.6427887151,-0.2036388026,0.8073110467,-0.5617108202,-0.4349753994,0.4490630989,0.3123162891,-1.640145761,0.6115152636,-0.01912508195,-0.3004557378
302.2514231,0.02905670976,187.3668384,0.2642462946,0.8153808444,-4.18963672,0.006493841098,-9.50582593,0.03671497801,0.02031868532,9.116821517,1.074383609,-1.506360446,-1.121378172,4.584172646,0.2602305102,0.4283712676,-0.8092521731,0.915950848,-1.021805012,-0.09788192948,-0.5269360589,0.08449402338,-0.2061373002,-0.03921472947,-0.1130566803,0.1703281267,0.09304439374,-0.1384555362,-0.623265978,0.7965464016,0.1252780364,-0.00647305272,-0.2506874837,0.0663767875,-0.2198385802,-0.359898534,-0.209344767
258.8814518,0.02811837701,178.0252634,0.1870779376,0.7882950643,-43.36997132,-0.0009383327499,-9.341574992,-0.07716835698,-0.02708578009,12.42033053,1.334220876,-1.372328052,-0.2046538198,3.24652925,0.6488915933,-0.6706700529,-0.4077371543,0.7250563288,-0.3510885747,-0.3884256357,0.1725877072,-0.04937939022,-0.08730654041,-0.3846858005,0.1340323946,0.9167243519,-1.337643396,0.388661083,-1.099041321,0.4015150188,-0.1908945192,0.6707164371,-0.2905437062,0.6995237662,-0.1338734136,0.1188307598,-0.3454710711
294.816925,0.05085923158,281.2070622,0.6412705359,0.9321442681,35.93547323,0.02274085457,103.1817989,0.4541925983,0.1438492037,7.312652251,1.915033357,-2.248027455,-0.9537945405,-0.2636531123,2.495810599,0.5608378588,0.2953459645,-0.7745038665,-0.2780405038,-0.2103759035,-0.2475558369,-0.1020318872,-0.1691796165,-0.1610814294,-0.8756994031,-0.7491407207,-3.510182362,1.846919005,1.231507912,0.7030831188,-1.499560195,0.07304807095,0.1780497321,-0.4201435442,-0.052652497,-0.08187307611,0.2236043711
344.1812035,0.0741144211,334.2052197,0.683474206,0.9519323844,49.36427851,0.02325518952,52.9981575,0.04220367007,0.01978811628,1.972346648,1.674627692,-6.282406114,0.0582209146,-0.6193186495,2.11473659,-0.2157336284,-0.315949154,-0.3861313665,0.3526290768,0.09088311067,-0.118695533,-0.3109109867,-0.0495424554,-0.05940847139,-4.034378659,1.012015455,-0.3556655371,-0.3810740091,-0.7765714872,-0.6112951185,0.3883725,0.6306695806,0.3012590142,0.1288603039,-0.2088790994,0.1196371611,0.101672958
420.0943871,0.06541770294,380.4225051,0.5981497492,0.9315362618,75.91318354,-0.008696718164,46.21728539,-0.08532445684,-0.02039612254,2.333739999,1.12132106,-6.805093438,0.5846794666,-1.096580757,0.8444356492,-0.7808455718,-0.1754141505,-0.123477038,0.1806466236,0.3251680857,0.1365877257,0.09168924798,-0.1914446895,0.09394015293,-0.5226873237,0.526458552,-0.4772621076,-1.27030094,-0.5651119434,0.1405350035,0.2626543285,-0.1719824532,0.234284975,0.2552832587,0.4026002346,-0.1419022341,0.1533486243
402.6548372,0.06707555373,371.184972,0.646567686,0.941402305,-17.43954989,0.001657850795,-9.237533115,0.04841793689,0.009866043158,1.245899119,1.195964936,-6.186390505,0.4418817288,-0.6399473547,1.075791108,-1.102251604,0.07816978505,-0.3019157484,-0.1348003961,-0.08229867639,-0.2215549506,-0.1186517315,0.1845659267,-0.12149756,0.6187029327,-0.1427977378,0.4566334024,0.2313554592,-0.3214060319,0.2535839355,-0.1784387104,-0.3154470197,-0.4074667621,-0.3581426763,-0.2103409795,0.3760106161,-0.2154377129
311.295289,0.08221823453,369.0142501,0.7146118188,0.9573873161,-91.35954823,0.01514268079,-2.170721927,0.06804413276,0.01598501114,1.516932737,1.127727701,-5.275132105,-1.206818925,-0.5252881845,0.9097805566,-0.8018389734,-0.09722477627,-0.875303708,-0.1660377468,0.2563453794,-0.03004887438,-0.488810895,-0.2266174547,-0.07894743407,0.9112584004,-1.648700654,0.1146591702,-0.1660105519,0.3004126302,-0.1753945613,-0.5733879596,-0.03123735072,0.3386440558,0.1915060762,-0.3701591635,-0.4111833814,0.04255012589
