267.6874101,0.01461144745,223.6452094,0.3336547268,0.7562813412,267.6874101,0.01461144745,223.6452094,0.3336547268,0.7562813412,0,0,0.1736138223,-1.017702899,1.854086056,1.386839679,0.2795193365,-0.673159639,0.05928442917,0.07102632223,-0.7579661326,0.8616533014,0.2620378133,-0.834173836,0.2057030113,0.1736138223,-1.017702899,1.854086056,1.386839679,0.2795193365,-0.673159639,0.05928442917,0.07102632223,-0.7579661326,0.8616533014,0.2620378133,-0.834173836,0.2057030113
358.1648613,0.01591419391,243.9023212,0.2310092306,0.7910321382,90.4774512,0.001302746461,20.25711174,-0.1026454962,0.03475079694,5.861133972,0,-0.03515799116,-2.255732835,2.535012396,1.34963272,1.14497356,-0.9452417642,-0.3351086451,0.08435173965,-1.328439292,1.021892101,0.5534873871,-1.010226211,-0.007196469598,-0.2087718134,-1.238029936,0.6809263396,-0.0372069592,0.8654542233,-0.2720821252,-0.3943930743,0.01332541742,-0.5704731593,0.1602387995,0.2914495738,-0.1760523746,-0.2128994809
406.1494427,0.02383824694,244.9989635,0.2355501927,0.8314902053,47.98458143,0.007924053026,1.096642357,0.00454096217,0.04045806715,9.329997741,1.519105368,0.432234548,-2.950969623,2.910041144,-0.5319199249,1.303813173,-1.47275423,-1.031150888,0.2897550886,-0.8527232086,-0.2615153335,-0.5318320441,-0.3538280831,0.2342557398,0.4673925392,-0.695236788,0.3750287486,-1.881552645,0.1588396126,-0.5275124657,-0.6960422433,0.205403349,0.4757160833,-1.283407434,-1.085319431,0.6563981275,0.2414522094
300.9114733,0.02882259203,168.4844593,0.2351891422,0.8315263207,-105.2379695,0.004984345093,-76.51450424,-0.000361050523,3.611537103e-05,9.406417722,1.303048454,-0.7781279073,-2.426536975,2.703228918,-0.6778365042,0.1316950381,-1.383532074,-1.019223432,0.1967598855,-1.212611809,-0.6407726606,-0.4345308755,-0.32923469,0.04100376859,-1.210362455,0.5244326478,-0.2068122268,-0.1459165792,-1.172118134,0.08922215559,0.01192745639,-0.09299520308,-0.3598886003,-0.3792573271,0.09730116859,0.02459339309,-0.1932519712
317.225099,0.03533445999,175.7452732,0.2712066377,0.8484693313,16.31362577,0.006511867957,7.260813894,0.03601749544,0.01694301059,8.430821952,1.264737705,-0.08553382994,-3.303069177,3.345487125,-1.153432677,0.1449696903,-1.79679108,-0.7429854969,0.3082201899,-1.129451185,-0.4941281084,-0.1849755029,-0.2040908748,-0.001722894068,0.6925940774,-0.8765322018,0.642258207,-0.4755961733,0.01327465222,-0.4132590055,0.2762379351,0.1114603043,0.08316062409,0.1466445522,0.2495553726,0.1251438152,-0.04272666266
318.3369898,0.04266009676,156.1050238,0.1948197827,0.8517432657,1.111890795,0.007325636767,-19.64024934,-0.07638685492,0.003273934463,8.009157688,1.437262516,0.3793620612,-3.799008076,3.791842218,-0.5872212262,-0.08479178711,-1.597022734,-0.5207270709,0.04154408983,-0.8053869397,-0.5106415906,0.007237029565,-0.1355033568,0.3816815044,0.4648958912,-0.495938899,0.446355093,0.5662114513,-0.2297614774,0.1997683463,0.222258426,-0.2666761,0.3240642451,-0.01651348223,0.1922125324,0.06858751797,0.3834043984
360.3426461,0.04175448929,155.972166,0.1528454346,0.8458079031,42.00565623,-0.0009056074721,-0.1328578545,-0.04197434818,-0.005935362603,5.893548517,1.314731219,-0.2255522555,-4.587170397,4.47803393,-0.2020413899,-0.7704084983,-0.8752505139,-0.7915119889,0.1160222515,-0.757590571,-0.6005021783,-0.2725842269,-0.1013495758,-0.1688403371,-0.6049143167,-0.7881623209,0.6861917119,0.3851798363,-0.6856167112,0.7217722197,-0.270784918,0.07447816172,0.04779636875,-0.08986058767,-0.2798212565,0.03415378103,-0.5505218414
369.1775555,0.03862469918,146.2877923,0.1863098701,0.8449805845,8.834909423,-0.00312979011,-9.68437371,0.0334644355,-0.0008273186667,6.298629493,1.105604891,-1.628328979,-3.458924231,4.514271937,0.2576772284,-0.794037382,-0.4723144841,-0.2975282937,0.1009780479,-0.7019541915,-0.7870913126,-0.02988792041,-0.4055610192,-0.2438211583,-1.402776723,1.128246165,0.03623800745,0.4597186183,-0.0236288837,0.4029360298,0.4939836952,-0.01504420369,0.05563637948,-0.1865891343,0.2426963065,-0.3042114434,-0.07498082124
320.8883435,0.04083429894,142.0356099,0.2403555162,0.8482839696,-48.28921195,0.002209599765,-4.252182376,0.05404564612,0.003303385184,4.639334943,1.221368285,-1.938961605,-2.341234167,4.093006367,0.7091769992,-0.5007061516,-0.5667076133,0.4793313191,-0.1096422178,-0.4153029609,-0.1960336906,0.08408418413,-0.2339439424,-0.2724564002,-0.3106326267,1.117690064,-0.4212655703,0.4514997707,0.2933312304,-0.09439312926,0.7768596128,-0.2106202657,0.2866512305,0.591057622,0.1139721045,0.1716170769,-0.02863524192
342.588495,0.04727055347,187.5959116,0.3525975839,0.878257218,21.70015152,0.006436254531,45.56030172,0.1122420677,0.02997324832,3.409459148,1.451587163,-1.347893185,-2.348791163,2.442655646,0.01563702763,-1.00747162,-1.704365143,-0.9205770964,0.05185360898,0.4143323464,0.1583033305,0.2112967717,0.03145348801,-0.2578351162,0.5910684205,-0.007556995535,-1.65035072,-0.6935399715,-0.5067654687,-1.137657529,-1.399908416,0.1614958268,0.8296353074,0.3543370211,0.1272125876,0.2653974304,0.014621284
325.7907597,0.04881380251,184.442236,0.3169853659,0.8737768698,-16.79773536,0.001543249034,-3.153675631,-0.03561221795,-0.004480348204,1.035241295,1.608027071,-0.8814731273,-1.647448573,1.569844927,0.2668689126,-0.1641610193,-0.3700765791,-0.4863721627,-0.0996921496,0.6298957555,0.4174791958,0.1907459789,-0.1082401713,-0.3636980717,0.4664200574,0.7013425896,-0.872810719,0.251231885,0.8433106009,1.334288564,0.4342049337,-0.1515457586,0.2155634091,0.2591758653,-0.02055079282,-0.1396936593,-0.1058629555
