326.5737886,0.09679456806,241.1314135,0.7216996013,0.9604039088,326.5737886,0.09679456806,241.1314135,0.7216996013,0.9604039088,0,0,-7.449856674,-1.69734813,2.084027028,1.518557058,0.2354482114,0.07137753303,-0.2312939719,0.5748171432,0.1419402649,0.03517327798,-0.0727636182,0.2664757727,-0.04683475787,-7.449856674,-1.69734813,2.084027028,1.518557058,0.2354482114,0.07137753303,-0.2312939719,0.5748171432,0.1419402649,0.03517327798,-0.0727636182,0.2664757727,-0.04683475787
326.2000146,0.06552630839,246.0534931,0.6934322152,0.9416171833,-0.3737739487,-0.03126825967,4.922079609,-0.02826738614,-0.0187867255,0.2336750295,0,-3.717669765,-0.1645903437,2.452709859,0.3976752534,-0.03103073388,1.201678183,-0.723520165,-0.1149396507,0.4737247868,0.625548082,-0.3597986976,-0.01508844572,-0.1004236786,3.732186909,1.532757786,0.3686828307,-1.120881804,-0.2664789452,1.13030065,-0.4922261932,-0.689756794,0.3317845218,0.590374804,-0.2870350795,-0.2815642184,-0.05358892074
239.1284853,0.01963037973,203.7504187,0.3018797224,0.747818345,-87.07152933,-0.04589592866,-42.30307437,-0.3915524927,-0.1937988384,14.35388955,1.775695639,0.9266242285,0.4486432319,1.969181596,0.8351163519,2.239940379,0.04204274807,1.293538173,-0.518820077,0.1473772828,1.680368508,-1.001746189,0.04280220083,-0.1834634413,4.644293994,0.6132335756,-0.4835282633,0.4374410985,2.270971113,-1.159635435,2.017058338,-0.4038804263,-0.326347504,1.054820426,-0.6419474915,0.05789064655,-0.08303976264
385.7037711,0.01450699493,293.9609203,0.1436255514,0.7177817142,146.5752858,-0.0051233848,90.21050159,-0.158254171,-0.03003663082,12.4294916,1.529336168,0.2888189699,0.1987359113,1.849515624,0.8164349366,1.880648082,0.08971639457,0.9793770522,-0.5086797644,0.380351206,0.9509532231,-0.6764291224,-0.07158732429,0.08566966082,-0.6378052586,-0.2499073206,-0.1196659714,-0.01868141526,-0.359292297,0.0476736465,-0.3141611204,0.01014031258,0.2329739233,-0.7294152845,0.3253170668,-0.1143895251,0.2691331021
335.6867796,0.01991983432,236.6803479,0.2158396487,0.7627792608,-50.01699157,0.005412839387,-57.28057239,0.07221409733,0.04499754666,10.90466696,1.161174901,0.3464984406,-0.8949553779,2.596331166,0.4893774582,0.2815660532,-1.05016439,-0.2256732163,-0.8560106406,0.1221230654,-0.167772696,-0.7712992676,-0.1010903557,0.4509073689,0.05767947069,-1.093691289,0.7468155418,-0.3270574784,-1.599082029,-1.139880785,-1.205050268,-0.3473308762,-0.2582281406,-1.118725919,-0.09487014525,-0.02950303138,0.3652377081
384.1992234,0.02060614271,257.7349474,0.3420476732,0.8082141289,48.51244384,0.0006863083974,21.05459951,0.1262080245,0.04543486803,8.917963043,1.26618219,0.06918879153,-1.400450492,3.131614854,0.5129990785,-0.1523599208,-1.346905298,-0.01031724465,-0.2925221617,-0.3264372551,-0.649593099,-0.4951097677,-0.06972716329,0.1286537231,-0.2773096491,-0.5054951143,0.5352836877,0.02362162035,-0.433925974,-0.2967409076,0.2153559716,0.5634884789,-0.4485603205,-0.481820403,0.2761895,0.03136319237,-0.3222536458
289.7426213,0.02123929353,201.586604,0.1220647144,0.7336199573,-94.4566021,0.0006331508156,-56.14834336,-0.2199829588,-0.07459417151,14.07788159,1.549980185,0.6885314996,-1.079575038,2.767983527,1.111103147,0.2907721799,-0.2089558914,0.7140062882,0.4738608735,-0.3617083662,-0.1321060804,-0.4755708386,-0.1606743473,-0.3876024827,0.6193427081,0.320875454,-0.3636313262,0.5981040686,0.4431321007,1.137949406,0.7243235329,0.7663830352,-0.03527111109,0.5174870186,0.01953892905,-0.09094718399,-0.5162562058
239.5361739,0.02671080394,188.8530607,0.2919433465,0.7717885165,-50.20644739,0.005471510409,-12.73354333,0.1698786321,0.03816855917,10.23984453,1.408767624,-0.1647412611,-0.4653513402,3.577951802,1.419571899,0.5056129421,0.09270884108,1.505837715,0.4185861859,-0.5673465508,0.1247392904,-0.1211605076,0.1978007399,-0.2501377509,-0.8532727607,0.6142236979,0.8099682746,0.3084687518,0.2148407622,0.3016647325,0.7918314271,-0.05527468762,-0.2056381845,0.2568453708,0.354410331,0.3584750872,0.1374647317
282.2127258,0.02020882611,212.9526756,0.1838043059,0.7188053518,42.67655192,-0.00650197783,24.09961493,-0.1081390407,-0.05298316468,13.54575633,1.438930672,-0.5505951105,-0.4273361068,4.600662949,1.392706164,0.3285760881,-0.3822531532,1.280097501,0.6573381158,-0.4856911317,0.5779818904,-0.6104977219,-0.3039128448,-0.3071626296,-0.3858538494,0.0380152334,1.022711147,-0.02686573526,-0.1770368541,-0.4749619943,-0.2257402146,0.2387519299,0.08165541908,0.4532426,-0.4893372143,-0.5017135847,-0.05702487863
261.6400336,0.02368502416,220.3431974,0.3018315134,0.761907583,-20.57269222,0.003476198054,7.390521742,0.1180272075,0.04310223115,8.215479493,1.52713587,-0.4663487944,-0.04449589942,3.297203999,1.641487868,0.4891936737,-0.06943475634,0.773695147,0.2977564625,-0.126608075,0.8435774869,-0.1285106769,-0.6658410171,0.04108812564,0.08424631611,0.3828402074,-1.30345895,0.2487817039,0.1606175856,0.3128183969,-0.5064023538,-0.3595816533,0.3590830567,0.2655955965,0.481987045,-0.3619281723,0.3482507552
349.9908289,0.02084364817,276.8837164,0.1701408797,0.7236028005,88.35079531,-0.002841375991,56.54051904,-0.1316906337,-0.03830478246,1.580815065,1.959586666,-0.5797972274,0.6216909202,1.101034726,1.186130521,1.241776082,-0.1061701931,-0.1113146241,0.4618238538,0.5314148371,0.2938616014,-0.06893591774,-0.2311308093,-0.2891956272,-0.113448433,0.6661868196,-2.196169273,-0.4553573464,0.7525824086,-0.03673543679,-0.8850097711,0.1640673913,0.6580229121,-0.5497158856,0.05957475916,0.4347102079,-0.3302837528
