326.6369088,0.06930387849,185.0253166,0.569381041,0.9336065739,326.6369088,0.06930387849,185.0253166,0.569381041,0.9336065739,0,0,-4.985835914,-0.4866872969,1.380145943,0.8171616277,-0.3786061259,-0.110306278,0.4918941379,-0.1984219288,0.08253758265,0.1346757574,-0.6152704815,0.4515077972,-0.3042171962,-4.985835914,-0.4866872969,1.380145943,0.8171616277,-0.3786061259,-0.110306278,0.4918941379,-0.1984219288,0.08253758265,0.1346757574,-0.6152704815,0.4515077972,-0.3042171962
305.5143719,0.05151882134,191.32782,0.3853106303,0.8737406582,-21.12253691,-0.01778505715,6.302503361,-0.1840704107,-0.05986591566,6.437885703,0,-2.444655744,-1.866967287,0.9086428048,-1.18688874,-1.031047956,-1.711036895,0.4224839762,0.02513577588,-0.6816194035,0.3571035184,0.179310662,-0.3152782318,-0.1974571882,2.54118017,-1.38027999,-0.4715031382,-2.004050367,-0.6524418298,-1.600730617,-0.06941016172,0.2235577047,-0.7641569862,0.222427761,0.7945811435,-0.766786029,0.106760008
370.848955,0.03591897814,246.6089722,0.1634814538,0.7873970984,65.33458308,-0.0155998432,55.28115217,-0.2218291765,-0.08634355981,7.001012193,1.334432257,1.955395294,0.01844551452,1.219097514,-2.058199724,-2.273868698,-1.181640882,0.6892287414,-0.3153231596,-0.2828412769,-0.06029362193,0.05722529503,-0.4424389142,-0.010777467,4.400051038,1.885412802,0.310454709,-0.8713109842,-1.242820742,0.529396013,0.2667447652,-0.3404589355,0.3987781266,-0.4173971403,-0.122085367,-0.1271606823,0.1866797212
384.6693428,0.03183275298,279.9290772,0.1022499716,0.736889759,13.82038779,-0.004086225157,33.32010503,-0.06123148218,-0.05050733939,4.550688663,1.004139783,2.519357537,1.605249646,1.041344887,-2.097895218,-2.341570243,-1.256270918,0.8320857842,-0.6810009836,0.3180802528,-0.05859317485,0.2162285518,-0.4637695686,-0.2490109285,0.563962243,1.586804132,-0.1777526268,-0.03969549368,-0.06770154529,-0.07463003598,0.1428570428,-0.365677824,0.6009215297,0.001700447078,0.1590032567,-0.02133065441,-0.2382334615
364.0474803,0.03003291097,261.8842124,0.1267411242,0.7468233815,-20.62186253,-0.001799842008,-18.0448648,0.02449115251,0.009933622546,5.295964258,1.088137773,2.035491779,1.985850959,0.9225664491,-2.011139568,-2.372165075,-1.826756904,1.216443775,-0.7746149701,-0.1034397145,0.2488982811,-0.02152833603,-0.3629957738,-0.08113379085,-0.483865758,0.3806013127,-0.1187784378,0.08675565003,-0.0305948318,-0.5704859856,0.3843579907,-0.09361398651,-0.4215199673,0.3074914559,-0.2377568878,0.1007737948,0.1678771376
353.8613869,0.02837192182,245.0257379,0.1229779282,0.7582351179,-10.18609342,-0.001660989155,-16.85847449,-0.003763195992,0.01141173639,4.142331726,1.274666894,2.037101482,0.09789339301,-0.2130498008,-0.9946793957,-1.758529117,-2.034556607,1.141710902,-0.210991015,-0.5999304299,-0.313258838,0.4281890626,0.1516755338,-0.1829428688,0.001609703179,-1.887957566,-1.13561625,1.016460172,0.6136359584,-0.2077997029,-0.07473287246,0.5636239551,-0.4964907154,-0.5621571191,0.4497173986,0.5146713077,-0.1018090779
371.4505842,0.0249127874,261.9900386,0.2471018462,0.7860730774,17.58919737,-0.003459134421,16.96430072,0.1241239181,0.02783795944,4.16287414,1.358485468,2.819154682,0.3004079863,-1.81134814,-0.1259492894,0.02061908136,-2.100822582,-0.4830422912,-0.7426692951,-0.03830390049,-0.8604243198,0.2885587627,-0.02383904565,0.1448596282,0.7820531995,0.2025145933,-1.598298339,0.8687301063,1.779148198,-0.06626597545,-1.624753194,-0.5316782801,0.5616265294,-0.5471654818,-0.1396302998,-0.1755145795,0.327802497
315.3138505,0.02715832972,222.426102,0.147867441,0.7575154452,-56.13673373,0.002245542328,-39.56393665,-0.09923440529,-0.0285576322,2.292420008,1.68173653,2.330286423,0.9450681319,-1.659522151,0.1246998486,0.8292284884,-0.4387516073,-1.068702801,-1.159407037,-0.07246816443,-0.3145737612,0.4043971604,-0.8092727258,0.1275150968,-0.4888682587,0.6446601457,0.1518259892,0.250649138,0.808609407,1.662070975,-0.5856605099,-0.416737742,-0.03416426394,0.5458505586,0.1158383976,-0.7854336802,-0.01734453145
362.1230657,0.03150090273,262.4834928,0.2340524197,0.8016750758,46.80921522,0.004342573011,40.05739081,0.08618497871,0.04415963059,1.331900754,1.546157141,1.88736402,0.8009765433,-0.967116241,-0.1518432524,1.125850164,0.02114193356,-0.9913257295,-1.326628061,-0.2705026933,0.2706633782,0.1948914123,-0.2673253786,-0.2808362856,-0.4429224028,-0.1440915887,0.6924059095,-0.276543101,0.2966216752,0.4598935408,0.07737707166,-0.1672210237,-0.1980345289,0.5852371394,-0.2095057481,0.5419473472,-0.4083513824
280.7840296,0.04199152974,186.8806889,0.1927760742,0.8036510101,-81.33903612,0.01049062701,-75.60280389,-0.04127634548,0.001975934372,0.5501656447,1.175351905,0.9861146178,0.2844319262,-0.999526261,-0.1931704874,0.9337403099,-0.1065852341,-0.8574261038,-1.132232417,0.0192884324,0.2385639418,-0.0989855558,-0.5209972801,-0.3945735264,-0.9012494026,-0.5165446171,-0.03241002,-0.04132723493,-0.1921098537,-0.1277271677,0.1338996256,0.1943956435,0.2897911257,-0.03209943633,-0.2938769681,-0.2536719015,-0.1137372407
