373.7746634,0.06170103383,199.865092,0.3994441191,0.8963816948,373.7746634,0.06170103383,199.865092,0.3994441191,0.8963816948,0,0,-4.743391151,0.4316591066,1.899421554,-2.64742875,1.191653884,-0.915033057,-0.2059174445,0.260472907,-0.5886434599,0.5441937367,-0.1793280177,-0.2090779613,0.07733199378,-4.743391151,0.4316591066,1.899421554,-2.64742875,1.191653884,-0.915033057,-0.2059174445,0.260472907,-0.5886434599,0.5441937367,-0.1793280177,-0.2090779613,0.07733199378
369.6669485,0.06042836289,201.9515291,0.3961794735,0.8954077516,-4.107714836,-0.001272670937,2.086437084,-0.0032646456,-0.0009739431978,0.1360212976,0,-2.038018274,0.3005163089,0.6914219228,-1.685404395,1.035614983,-0.4385686671,-0.7976618624,0.4269478317,-0.3990071028,0.1472548607,-0.0407423132,-0.2968150255,0.04874499325,2.705372878,-0.1311427977,-1.207999631,0.962024355,-0.1560389018,0.47646439,-0.5917444179,0.1664749247,0.1896363571,-0.396938876,0.1385857045,-0.08773706424,-0.02858700053
185.013663,0.1101499301,306.8075087,0.7055512421,0.95718882,-184.6532856,0.04972156726,104.8559796,0.3093717686,0.06178106845,2.254854714,1.549463901,-3.560122753,-0.0919402988,1.124794722,-0.2366450896,-0.5375971828,-0.6066085806,-0.2654501075,0.4212990627,-0.2995234519,0.192229916,-0.4747428295,-0.04090855158,0.05889875047,-1.522104479,-0.3924566077,0.4333727991,1.448759306,-1.573212165,-0.1680399135,0.5322117549,-0.005648769058,0.09948365089,0.04497505526,-0.4340005163,0.255906474,0.01015375722
353.3290321,0.06874660335,228.4536956,0.6741713037,0.9487464626,168.3153692,-0.0414033268,-78.35381316,-0.03137993834,-0.008442357447,1.783426433,1.626603017,-4.974549382,-0.1208040122,1.096896915,0.171286671,0.1643617493,-0.699948586,-0.5993177863,0.08241342715,-0.6146171723,0.3259688657,-0.2171066295,-0.06612558885,-0.1954607442,-1.414426629,-0.02886371342,-0.02789780671,0.4079317606,0.7019589321,-0.09334000539,-0.3338676788,-0.3388856355,-0.3150937204,0.1337389497,0.2576362001,-0.02521703727,-0.2543594947
264.4132327,0.03943372063,198.6841989,0.3330933204,0.8307174429,-88.91579945,-0.02931288272,-29.76949665,-0.3410779834,-0.1180290196,10.78895042,1.161514494,-0.2330443569,1.096456276,0.1557226789,-0.1587337935,-0.9561180162,0.05891150024,0.3834755359,0.6394113186,-1.116146303,0.1073203021,-0.2457407048,-0.6592453146,-0.529905694,4.741505025,1.217260288,-0.9411742363,-0.3300204645,-1.120479766,0.7588600863,0.9827933222,0.5569978914,-0.5015291312,-0.2186485636,-0.02863407532,-0.5931197257,-0.3344449497
304.1294023,0.03010451889,223.9985651,0.1771858476,0.7655157711,39.71616958,-0.009329201733,25.31436622,-0.1559074727,-0.06520167185,5.183850803,1.36503427,1.610008173,2.073692701,0.7990176185,-0.2558397594,-1.194678673,0.6385641221,0.4830174863,1.079793679,-0.5244936681,0.03044647299,-0.06682050456,-0.8282067248,-0.4163473408,1.84305253,0.9772364248,0.6432949395,-0.09710596589,-0.2385606571,0.5796526219,0.09954195038,0.4403823605,0.5916526354,-0.07687382909,0.1789202002,-0.1689614102,0.1135583532
302.0510357,0.0218903357,236.7084011,0.2996991623,0.7795118996,-2.07836654,-0.008214183191,12.70983591,0.1225133147,0.01399612857,9.050685212,1.167845271,1.522513425,2.357740866,1.05703799,-0.105861708,-0.9982624235,0.8572436194,0.1392369528,1.151184655,-0.1335250761,0.2209187331,0.1455885318,-0.5477642729,-0.5213265333,-0.08749474839,0.284048165,0.2580203715,0.1499780515,0.1964162498,0.2186794972,-0.3437805335,0.07139097548,0.3909685919,0.1904722601,0.2124090364,0.2804424519,-0.1049791925
327.7584022,0.03082277566,253.910478,0.3629556811,0.8365300536,25.70736645,0.008932439963,17.20207691,0.0632565188,0.05701815394,7.346330483,1.657165855,0.8490187592,1.297784982,0.8911665888,0.07787027118,0.1598288057,0.4101248214,0.08551855772,0.5876411718,0.2456559718,0.1833428908,-0.3322041105,-0.6229894518,-0.4291822666,-0.6734946656,-1.059955884,-0.1658714011,0.1837319791,1.158091229,-0.4471187979,-0.05371839511,-0.5635434828,0.379181048,-0.03757584231,-0.4777926423,-0.07522517894,0.09214426672
337.879117,0.0566761146,225.418068,0.4792221383,0.9038315636,10.12071481,0.02585333893,-28.49240999,0.1162664572,0.06730151001,1.451984572,1.83455584,-0.6089997567,0.2576173606,-2.150068246,-0.8592881609,0.8323690523,-0.6433672789,1.175882923,0.2632557145,-0.6909643888,0.4959166017,-0.7011647543,0.02484262437,-0.1827107824,-1.458018516,-1.040167622,-3.041234835,-0.937158432,0.6725402467,-1.0534921,1.090364365,-0.3243854573,-0.9366203606,0.312573711,-0.3689606438,0.6478320762,0.2464714842
347.9659534,0.05885000414,220.9334443,0.5162960672,0.911283578,10.08683643,0.002173889541,-4.484623711,0.03707392894,0.007452014389,0.82552955,1.203024258,-2.767886332,-1.640409145,-1.197204499,0.8561927077,1.271108802,0.339608182,0.5062486909,-0.4486306274,-0.7122055978,0.4613021927,-0.2732120869,0.1536203947,-0.09697387364,-2.158886576,-1.898026506,0.9528637466,1.715480869,0.4387397497,0.982975461,-0.6696342319,-0.7118863419,-0.02124120898,-0.03461440903,0.4279526673,0.1287777703,0.08573690872
343.5058896,0.04654713016,189.1167199,0.4681059991,0.894064151,-4.460063783,-0.01230287398,-31.81672437,-0.04819006817,-0.01721942698,1.663059766,0.9994918891,-1.71818394,-1.738232559,-0.9215082054,1.066809878,1.236687404,0.3128931925,0.4914082228,-0.7628910011,-0.5896791969,0.3612372507,0.07185118058,0.1884547635,-0.1697726693,1.049702392,-0.09782341387,0.275696294,0.2106171705,-0.0344213983,-0.02671498954,-0.01484046809,-0.3142603738,0.1225264009,-0.100064942,0.3450632675,0.03483436881,-0.07279879567
