354.6712621,0.07718870801,213.6574597,0.616323599,0.9418403765,354.6712621,0.07718870801,213.6574597,0.616323599,0.9418403765,0,0,-3.081835594,-1.613158514,0.8267454036,-0.1724754086,0.363571785,-0.3687575087,-0.582199343,-0.1065164881,-0.1044257122,0.4237560644,0.3916150796,-0.06566886574,-0.2481860892,-3.081835594,-1.613158514,0.8267454036,-0.1724754086,0.363571785,-0.3687575087,-0.582199343,-0.1065164881,-0.1044257122,0.4237560644,0.3916150796,-0.06566886574,-0.2481860892
256.0781148,0.04678089199,196.4950026,0.3805960188,0.8544650503,-98.59314732,-0.03040781601,-17.16245713,-0.2357275803,-0.08737532622,5.111654668,0,-1.217149207,-0.4250453612,0.9638988321,-0.7023094429,-1.025250034,-0.5445931107,-0.4081882262,0.4376282781,-0.5623560116,-0.02428594857,0.3539537659,-0.3586391256,-0.3686332251,1.864686387,1.188113152,0.1371534285,-0.5298340343,-1.388821819,-0.175835602,0.1740111167,0.5441447662,-0.4579302994,-0.4480420129,-0.03766131375,-0.2929702599,-0.1204471359
315.2698335,0.03074816151,228.1141404,0.1366940381,0.7480428215,59.19171872,-0.01603273049,31.61913786,-0.2439019806,-0.1064222287,7.87110908,1.443060652,1.489023006,0.9672854552,3.035681807,-0.1925973354,-2.057697153,-0.1367844029,-0.7985971116,0.4882551897,-0.5178140567,0.586257934,0.5989081194,-0.6436941251,0.1483448932,2.706172213,1.392330816,2.071782975,0.5097121075,-1.032447119,0.4078087077,-0.3904088853,0.05062691165,0.04454195491,0.6105438826,0.2449543535,-0.2850549995,0.5169781183
300.5785121,0.02234024023,223.2533051,0.1615783422,0.7254180194,-14.69132145,-0.008407921275,-4.860835357,0.02488430401,-0.02262480212,8.718182171,1.32758475,1.833381894,1.975464383,3.603117321,0.04108210906,-1.744022621,-0.2942460985,-0.9364669944,-0.2749074098,-0.273800522,0.2919771414,0.8074971256,-0.9134981493,0.5715432985,0.3443588878,1.008178928,0.5674355146,0.2336794444,0.3136745315,-0.1574616956,-0.1378698829,-0.7631625995,0.2440135347,-0.2942807926,0.2085890062,-0.2698040242,0.4231984053
300.6125363,0.01962672117,224.5354991,0.1103875493,0.6997710202,0.034024208,-0.002713519059,1.282194065,-0.05119079285,-0.02564699919,6.348638067,1.166777444,1.209020689,2.769575598,3.553903712,-0.06498432647,-1.697253518,-0.6907131762,-0.5099983528,-0.5015031943,-0.4151152086,0.07086887555,0.8548475888,-0.8562046972,0.4080504239,-0.6243612043,0.7941112144,-0.04921360899,-0.1060664355,0.04676910335,-0.3964670777,0.4264686416,-0.2265957845,-0.1413146866,-0.2211082659,0.04735046317,0.05729345211,-0.1634928746
315.2963534,0.0265908258,230.7434188,0.2433200476,0.7747520451,14.68381715,0.006964104626,6.20791967,0.1329324983,0.07498102491,9.480513006,1.294988281,1.561518102,1.52387564,1.908622348,-0.06971006325,-1.555827243,-1.440186674,-0.08834402872,0.7829898449,-0.1974385715,-0.7185422237,0.4701716644,-0.6647075038,-0.3468948652,0.3524974126,-1.245699957,-1.645281364,-0.004725736776,0.1414262753,-0.7494734974,0.4216543241,1.284493039,0.2176766371,-0.7894110992,-0.3846759244,0.1914971934,-0.754945289
295.1658889,0.02449178921,197.9639346,0.1170140667,0.7625037449,-20.13046457,-0.002099036593,-32.77948424,-0.1263059809,-0.0122483002,4.696613949,1.549319607,2.854822047,0.2232520695,-0.6699679231,-0.5887509082,1.073240489,-0.7794230643,-0.8123702776,0.4133350389,-0.148641181,-1.419588932,-0.4680400352,-0.54766112,-0.02018124189,1.293303945,-1.300623571,-2.578590271,-0.519040845,2.629067732,0.6607636094,-0.7240262488,-0.369654806,0.04879739057,-0.7010467079,-0.9382116996,0.1170463838,0.3267136233
323.4896371,0.03141021637,221.9418633,0.1273343734,0.7756607144,28.32374825,0.006918427159,23.97792873,0.01032030664,0.01315696953,4.587081084,1.337552844,2.47632075,1.319774438,-2.316217109,-0.139870142,2.015611007,0.1548282681,-0.6654838783,-0.8996133283,-0.1869775769,-0.6835638844,-0.3320210369,-0.1380615224,-0.3809957744,-0.3785012974,1.096522369,-1.646249185,0.4488807663,0.9423705175,0.9342513324,0.1468863993,-1.312948367,-0.03833639596,0.7360250472,0.1360189983,0.4095995976,-0.3608145325
360.191921,0.0339256041,255.4310692,0.1779110201,0.7957136398,36.7022839,0.002515387731,33.48920587,0.05057664675,0.02005292535,2.868797764,1.211592658,1.253534847,1.131205297,-2.671979748,0.5556817554,1.799843768,0.2908625826,-0.5993045891,-1.315434816,0.06425828057,-0.1755043985,-0.01623478242,-0.1878863939,-0.02000985779,-1.222785903,-0.1885691413,-0.3557626391,0.6955518973,-0.2157672389,0.1360343145,0.06617928911,-0.4158214877,0.2512358575,0.5080594859,0.3157862545,-0.04982487145,0.3609859166
389.6750939,0.03016772539,276.6310245,0.1709628193,0.7921810029,29.48317286,-0.003757878706,21.19995533,-0.006948200841,-0.00353263689,1.113598935,1.344861095,1.881132054,-0.1448984897,-1.590551135,0.1330654709,1.533931481,0.02586395076,-1.309696833,-1.012055208,0.1918823992,0.1787183151,-0.01368716818,-0.2257406971,0.1561502841,0.6275972068,-1.276103787,1.081428612,-0.4226162845,-0.265912287,-0.2649986319,-0.7103922443,0.3033796078,0.1276241186,0.3542227136,0.002547614246,-0.03785430328,0.1761601419
