380.2756578,0.07397156033,277.6754828,0.7386028095,0.9619840652,380.2756578,0.07397156033,277.6754828,0.7386028095,0.9619840652,0,0,-5.216551452,0.7618774863,0.558213269,0.1333321845,0.2745252833,-0.9081908791,0.5433147023,-0.1248672995,-0.5733408352,-0.5937938744,-0.2901493422,-0.1100571493,0.05916892886,-5.216551452,0.7618774863,0.558213269,0.1333321845,0.2745252833,-0.9081908791,0.5433147023,-0.1248672995,-0.5733408352,-0.5937938744,-0.2901493422,-0.1100571493,0.05916892886
404.7773577,0.07457307657,285.491979,0.7340431351,0.9624909385,24.50169992,0.0006015162368,7.816496138,-0.004559674409,0.0005068732584,0.4415131324,0,-6.674488199,1.086279605,-0.1938149508,0.2134789639,-0.02387702637,-0.6305101752,0.1019803509,-0.2689317005,-0.007078669345,-0.3072744359,-0.2360204854,-0.04804046085,0.07548095433,-1.457936748,0.3244021192,-0.7520282198,0.08014677942,-0.2984023097,0.2776807039,-0.4413343514,-0.144064401,0.5662621658,0.2865194384,0.05412885674,0.06201668841,0.01631202547
289.60068,0.04129814837,202.8393638,0.3086422225,0.8297197715,-115.1766777,-0.0332749282,-82.65261521,-0.4254009126,-0.132771167,10.08977325,1.065440515,0.1734046836,1.685921149,-0.7809392056,-0.7721107063,-0.2592838394,0.5952827483,0.420639634,-1.368872365,-1.214078597,-0.1319044674,0.1252009194,0.103111325,0.1316630482,6.847892883,0.5996415433,-0.5871242548,-0.9855896702,-0.2354068131,1.225792924,0.3186592831,-1.099940665,-1.206999928,0.1753699685,0.3612214049,0.1511517859,0.05618209391
364.2102616,0.03228933127,237.3672952,0.1588452878,0.7934327141,74.60958163,-0.009008817107,34.52793145,-0.1497969347,-0.03628705745,5.844044655,1.622096957,2.171950582,-1.212123008,-0.5280014863,-1.234415606,-1.217489425,0.4572913013,0.248634136,-1.28213373,-0.9083025758,-0.3420949153,1.030480763,-0.1290968384,0.2932665761,1.998545899,-2.898044156,0.2529377193,-0.4623048998,-0.9582055852,-0.137991447,-0.1720054981,0.08673863505,0.3057760216,-0.2101904479,0.9052798436,-0.2322081634,0.1616035279
330.6414619,0.03067450251,204.6357818,0.1609881954,0.7918677012,-33.56879967,-0.001614828755,-32.73151337,0.002142907607,-0.001565012867,6.962305332,0.9474013543,2.134733525,-2.283852974,0.1792439602,0.3020907423,-0.1276926216,-0.4928593329,-0.1694435273,-1.122860231,-0.4604458827,-0.5835848575,0.941391756,-0.3525013168,-0.02828121777,-0.0372170572,-1.071729967,0.7072454465,1.536506348,1.089796803,-0.9501506342,-0.4180776633,0.1592734986,0.447856693,-0.2414899421,-0.08908900707,-0.2234044784,-0.3215477939
363.0165607,0.01654262458,240.4072292,0.1291815535,0.7429768987,32.37509876,-0.01413187794,35.77144732,-0.0318066419,-0.04889080255,6.843818414,1.302286983,2.495983281,-2.659902852,1.209883343,2.259257896,0.2588220235,-0.1499233048,-0.2023916079,-0.1221661338,0.1470804106,-0.5315767933,0.1151404724,-0.3019955882,-0.06460195888,0.3612497556,-0.376049878,1.030639383,1.957167153,0.3865146451,0.3429360281,-0.03294808057,1.000694098,0.6075262933,0.05200806415,-0.8262512836,0.05050572862,-0.03632074111
261.7322785,0.0224710887,170.2162693,0.2150346295,0.766339816,-101.2842822,0.005928464127,-70.19095986,0.08585307601,0.02336291739,6.376523662,1.154010732,3.605933749,-3.089525485,0.7737036461,2.271924404,0.5394188738,0.1596754762,-0.2242343273,-0.1580007398,0.08031941901,-0.4590034618,-0.01136378151,0.1417674411,-0.4080902035,1.109950468,-0.4296226332,-0.4361796972,0.01266650846,0.2805968503,0.309598781,-0.02184271943,-0.03583460596,-0.06676099163,0.07257333151,-0.1265042539,0.4437630292,-0.3434882446
313.7523898,0.02319338495,202.0943018,0.08111974435,0.7479309071,52.02011136,0.0007222962489,31.87803247,-0.1339148851,-0.01840890894,6.687291869,1.533348444,4.104156719,-2.678721595,-0.146863429,1.928928808,0.719280743,0.2076874991,0.04567090425,-0.7650077737,-0.6570293655,-0.2347808244,-0.2110287328,-0.01496711634,-0.1362387641,0.49822297,0.4108038909,-0.9205670751,-0.3429955967,0.1798618692,0.0480120229,0.2699052316,-0.6070070339,-0.7373487845,0.2242226374,-0.1996649513,-0.1567345574,0.2718514394
297.6308871,0.0222554891,193.7461936,0.08748796759,0.7423612232,-16.12150275,-0.0009378958522,-8.348108183,0.006368223242,-0.00556968394,3.334779261,1.301911377,3.040997553,-1.616029451,-0.5313583607,1.539670172,1.021323453,-0.09395742226,-0.2204663472,-0.6407158789,-0.7358173376,-0.2864164851,-0.2445099822,-0.05376934998,-0.04671461591,-1.063159166,1.062692144,-0.3844949318,-0.3892586353,0.3020427096,-0.3016449214,-0.2661372515,0.1242918947,-0.07878797211,-0.05163566072,-0.03348124936,-0.03880223363,0.08952414818
321.8643564,0.0202707948,235.1935317,0.1665230964,0.7571579749,24.23346929,-0.001984694299,41.44733813,0.07903512882,0.01479675169,3.475536717,1.492816077,0.5323100276,-0.8181568459,-0.39019834,0.7815945356,1.210116393,-0.1726813741,-0.5726869015,-0.2455152808,-0.2939264495,0.1794829781,0.213212837,-0.05804818854,-0.08441031033,-2.508687525,0.7978726048,0.1411600207,-0.7580756366,0.1887929407,-0.07872395185,-0.3522205543,0.3952005981,0.4418908881,0.4658994632,0.4577228192,-0.004278838566,-0.03769569442
