218.0746168,0.07330645017,157.2874068,0.3789338514,0.8820951678,218.0746168,0.07330645017,157.2874068,0.3789338514,0.8820951678,0,0,-1.889293904,-1.070533346,0.9507069237,0.02083719449,0.2665591144,0.1549165932,0.3183101528,0.3001551843,0.2781886575,0.2397385709,-0.2460085178,0.06324150488,0.1437275409,-1.889293904,-1.070533346,0.9507069237,0.02083719449,0.2665591144,0.1549165932,0.3183101528,0.3001551843,0.2781886575,0.2397385709,-0.2460085178,0.06324150488,0.1437275409
258.5149034,0.05602172178,215.6889111,0.5908165343,0.9138936331,40.4402866,-0.01728472839,58.40150429,0.2118826829,0.03179846527,11.99166272,0,-1.392009111,1.11049357,0.3814929624,-0.2669902683,-0.07631133076,0.3242195924,0.3322287509,0.01508040784,-0.3222589316,-0.6317462913,-0.4409454469,-0.2378104217,-0.009976462679,0.4972847933,2.181026916,-0.5692139613,-0.2878274628,-0.3428704452,0.1693029992,0.01391859812,-0.2850747764,-0.6004475891,-0.8714848623,-0.1949369291,-0.3010519266,-0.1537040036
345.9059413,0.06037720227,219.026798,0.6685408173,0.9411811715,87.39103788,0.004355480488,3.337886908,0.07772428298,0.02728753844,10.95402092,1.683885866,-3.789678916,-0.5742473996,-0.003034814973,-0.5542392199,-0.1781813338,-0.3987299969,-0.4758488595,-0.4157757802,-0.4455828048,-0.7081889609,0.120422665,0.3474733413,0.237904051,-2.397669805,-1.68474097,-0.3845277774,-0.2872489516,-0.1018700031,-0.7229495893,-0.8080776104,-0.430856188,-0.1233238733,-0.0764426696,0.5613681119,0.585283763,0.2478805137
329.9501352,0.07380486994,209.7021174,0.6599686345,0.9444967515,-15.95580608,0.01342766767,-9.324680631,-0.008572182796,0.003315579999,8.952004797,1.07678729,-4.166795783,-1.094369258,-0.3263285434,-0.4559436103,-0.3369080001,-0.4369375501,-0.7250414175,-0.3397309974,-0.5676667046,-0.3559221756,0.3352839635,0.267919931,0.2650402907,-0.3771168668,-0.5201218579,-0.3232937284,0.09829560961,-0.1587266663,-0.03820755323,-0.249192558,0.07604478281,-0.1220838998,0.3522667853,0.2148612985,-0.07955341032,0.02713623967
344.3380094,0.06960916769,219.646218,0.6598805034,0.9403390867,14.38787424,-0.004195702248,9.944100634,-8.813111495e-05,-0.004157664847,8.055277506,1.135406189,-3.040837713,-0.385425996,-0.3579943825,-0.8380000846,-0.1447588191,-0.1589514918,-0.6117834597,-0.7499943722,-0.6429989214,-0.3603967376,-0.07890073941,0.1781789238,0.2272562233,1.12595807,0.7089432615,-0.03166583909,-0.3820564744,0.192149181,0.2779860583,0.1132579578,-0.4102633748,-0.07533221678,-0.004474561925,-0.4141847029,-0.08974100719,-0.03778406741
287.1145999,0.04528656665,218.8444485,0.6139672229,0.9177233498,-57.22340952,-0.02432260104,-0.8017695393,-0.04591328054,-0.02261573692,11.20296515,1.116265548,-3.238891646,-0.05538651428,0.4557064332,-0.1106835259,0.3574603831,-0.1057681208,-0.4493991982,-0.7382933058,-0.4534273087,-0.2877895,-0.09432731142,-0.1022653497,-0.1188355092,-0.1980539331,0.3300394817,0.8137008157,0.7273165588,0.5022192022,0.05318337093,0.1623842615,0.01170106635,0.1895716128,0.07260723756,-0.01542657201,-0.2804442736,-0.3460917325
330.0637645,0.01590891474,226.5440539,0.1582410945,0.7458372643,42.94916459,-0.02937765191,7.69960546,-0.4557261284,-0.1718860855,11.05580208,1.486688343,1.28170635,-1.458417566,1.504899302,1.136589156,1.069295142,0.3252489747,0.02086678113,0.02815909757,-0.02616985079,-0.2832685088,-0.5391736855,-0.3227831509,-0.4601089726,4.520597996,-1.403031051,1.049192869,1.247272682,0.7118347586,0.4310170956,0.4702659793,0.7664524034,0.4272574579,0.004520991226,-0.4448463741,-0.2205178011,-0.3412734634
321.9558962,0.01997892304,217.1283487,0.2780084386,0.8139694919,-8.107868346,0.004070008306,-9.415705232,0.1197673441,0.0681322276,8.864284004,1.654000512,-1.559960413,-0.9238833665,2.796019164,-0.5841429955,0.529094971,0.7456087819,-0.4182876566,0.2973454372,0.00662922674,-0.374930374,-0.2582278179,0.03723395229,-0.03038639706,-2.841666763,0.5345341991,1.291119861,-1.720732151,-0.5402001707,0.4203598071,-0.4391544378,0.2691863396,0.03279907753,-0.09166186523,0.2809458676,0.3600171032,0.4297225756
285.2968387,0.04107242292,193.414259,0.3902172013,0.8767430385,-36.65905748,0.02109349988,-23.71408972,0.1122087627,0.0627735466,2.403457533,1.481253254,-3.21584415,-1.438991852,2.467653086,-0.7886692806,0.08921250304,0.3733229992,-0.1004290953,0.6756360248,0.1423403246,-0.3980183587,-0.3958514274,0.0542422571,0.3068606632,-1.655883737,-0.5151084856,-0.328366078,-0.2045262851,-0.439882468,-0.3722857826,0.3178585614,0.3782905876,0.1357110978,-0.02308798466,-0.1376236096,0.01700830481,0.3372470603
320.479203,0.02913462472,209.7300459,0.2457462509,0.8264875445,35.1823643,-0.0119377982,16.31578695,-0.1444709505,-0.05025549398,1.557506719,1.457008266,-0.4587818142,-0.9226187205,2.064638761,0.3643924686,0.1157320184,-0.6168952172,-0.8783163748,0.0003973810831,0.1114068429,-0.01797978946,-0.7968510852,-0.5127902058,0.4843765544,2.757062336,0.5163731316,-0.403014325,1.153061749,0.02651951539,-0.9902182165,-0.7778872796,-0.6752386437,-0.03093348171,0.3800385692,-0.4009996578,-0.5670324629,0.1775158911
