231.498517,0.01581219171,206.034964,0.2110667439,0.6933939084,231.498517,0.01581219171,206.034964,0.2110667439,0.6933939084,0,0,0.5599472309,1.330806864,0.9928927125,0.2098301884,0.9238913836,-0.1303323827,-0.2373914786,0.1862337784,0.0008383535557,0.1031513793,-0.1880586233,-0.1527749438,0.149438712,0.5599472309,1.330806864,0.9928927125,0.2098301884,0.9238913836,-0.1303323827,-0.2373914786,0.1862337784,0.0008383535557,0.1031513793,-0.1880586233,-0.1527749438,0.149438712
319.3819809,0.02446427715,221.03149,0.2137526519,0.7895345592,87.88346395,0.00865208544,14.99652604,0.002685907965,0.09614065088,3.701576013,0,-0.7378298673,-2.706810484,0.359098285,-0.2102086601,1.284619775,1.719525803,-0.183159065,0.5315022449,-0.383542844,-0.4326099104,-0.1959803144,-0.262182552,-0.4180625815,-1.297777098,-4.037617348,-0.6337944275,-0.4200388485,0.3607283913,1.849858185,0.05423241355,0.3452684665,-0.3843811975,-0.5357612897,-0.007921691117,-0.1094076082,-0.5675012935
333.700224,0.01798646434,240.8773193,0.1692848273,0.7376837722,14.31824306,-0.006477812807,19.84582932,-0.04446782461,-0.05185078705,6.968628875,1.462965276,2.244729247,-0.9070387002,0.2849155888,0.07315678944,0.9896854422,1.814401891,0.6362782114,0.4696814761,-0.1927151478,-0.1675071171,-0.5857337071,-0.06953180265,0.2034400994,2.982559114,1.799771784,-0.07418269619,0.2833654495,-0.2949343328,0.09487608797,0.8194372765,-0.06182076889,0.1908276961,0.2651027933,-0.3897533927,0.1926507494,0.6215026809
294.164009,0.02235100705,213.409323,0.1500070823,0.7277812219,-39.53621494,0.004364542709,-27.46799637,-0.019277745,-0.009902550269,6.643395275,1.243582069,5.036151751,-1.232745388,0.002682716546,-0.02206611384,1.077990753,0.7414650298,-0.334726878,-0.4969168959,-0.5518046796,-0.7633799235,-1.106632101,0.6596959677,0.1818012968,2.791422504,-0.3257066874,-0.2822328723,-0.09522290328,0.08830531088,-1.072936861,-0.9710050895,-0.966598372,-0.3590895318,-0.5958728064,-0.5208983942,0.7292277703,-0.0216388026
391.3585341,0.02395900546,282.5028847,0.1337238691,0.759099049,97.19452509,0.001607998408,69.09356173,-0.01628321318,0.03131782705,6.855549768,1.298300782,4.022404055,-1.694432304,0.04338706739,-1.322785146,-0.003622423952,0.3910703407,-1.192449377,0.2872097753,-1.035950212,-0.6178193307,0.6967929119,0.6586921723,-0.2129149325,-1.013747696,-0.4616869165,0.04070435084,-1.300719032,-1.081613177,-0.3503946892,-0.8577224994,0.7841266713,-0.4841455321,0.1455605929,1.803425013,-0.00100379533,-0.3947162293
310.6549637,0.03984768903,195.5550548,0.1761487773,0.8033170658,-80.70357042,0.01588868357,-86.94782991,0.04242490816,0.04421801683,8.279205875,1.29807224,4.43102222,-3.127577889,0.1201523761,-1.491634945,-0.09026449823,0.9297710769,-1.745071756,0.5749145878,-1.702087131,0.2603147971,0.9390483649,0.26245605,-0.164359677,0.4086181654,-1.433145585,0.07676530867,-0.1688497987,-0.08664207428,0.5387007362,-0.5526223785,0.2877048125,-0.6661369191,0.8781341277,0.242255453,-0.3962361224,0.0485552555
313.4956602,0.04124675198,194.9647128,0.1871549212,0.8151370691,2.840696437,0.001399062951,-0.5903420289,0.01100614389,0.01182000328,5.082670604,1.278571884,3.759269198,-3.167074336,0.08492628529,-1.491695864,-0.2940027705,0.8996331538,-1.407792627,0.4906605289,-1.375864524,0.2371687827,0.8103020996,0.09258982118,-0.3498014511,-0.6717530224,-0.03949644726,-0.03522609076,-6.091874574e-05,-0.2037382723,-0.03013792308,0.3372791287,-0.08425405893,0.3262226073,-0.02314601435,-0.1287462652,-0.1698662288,-0.1854417741
317.8088069,0.03589192851,203.6664602,0.2150421622,0.8098519533,4.313146751,-0.005354823471,8.701747491,0.02788724104,-0.005285115745,9.548025351,1.265483779,3.226496448,-2.940375066,0.04872116948,-0.9681165627,-0.4879785666,1.203904773,-1.050168414,0.1441826673,-0.575528791,0.1594538622,0.424457451,-0.2699146441,-0.3418882043,-0.5327727502,0.22669927,-0.03620511581,0.5235793009,-0.193975796,0.3042716188,0.3576242135,-0.3464778616,0.8003357325,-0.07771492057,-0.3858446487,-0.3625044653,0.007913246815
255.9048579,0.02669334651,186.0767576,0.2645801019,0.8005659617,-61.90394899,-0.009198582,-17.58970262,0.0495379397,-0.009285991621,5.133990511,1.568023925,1.64480617,-1.545387481,-0.09536362609,-0.6997031656,-0.3835788379,0.1390572981,-0.690984853,-0.2282971758,0.2624423748,0.4002829754,0.5204177671,-0.2575914351,-0.09200732454,-1.581690277,1.394987585,-0.1440847956,0.2684133971,0.1043997287,-1.064847474,0.3591835607,-0.3724798431,0.8379711658,0.2408291132,0.0959603161,0.01232320898,0.2498808798
371.2377048,0.02227633376,283.3537192,0.2118258015,0.7817058058,115.3328469,-0.004417012758,97.27696158,-0.05275430039,-0.01886015596,1.397477891,1.880123995,-0.2736968539,-0.1198145991,-0.4763696276,-0.4954796471,0.5256163379,0.02029673159,-0.2109167132,0.05151542867,-0.09217391461,0.08740275739,0.2160110985,0.09091992715,0.05139443225,-1.918503024,1.425572882,-0.3810060015,0.2042235185,0.9091951758,-0.1187605665,0.4800681398,0.2798126045,-0.3546162894,-0.312880218,-0.3044066686,0.3485113623,0.1434017568
